{
  "metadata": {
    "n_handles": 2,
    "n_steps": 1501,
    "trajectory_direction": "rest_to_deformed",
    "influence_radius": 0.13600000739097595,
    "mesh_type": "tetrahedral",
    "handle_placement_method": "pointnet",
    "physics": {
      "w_strain": 5.0,
      "w_bend": 2.0,
      "w_reg": 0.0,
      "lambda_lame": 62.79966735839844,
      "mu_lame": 8.194999694824219
    }
  },
  "handles": [
    {
      "handle_id": 0,
      "handle_vertex_index": 1,
      "grasp_position": [
        0.08333333333333333,
        -0.5,
        -0.043750000000000004
      ],
      "surface_normal": [
        -0.7693143067572068,
        0.5241717859799149,
        0.3652388755339503
      ],
      "n_vertices_in_region": 61,
      "total_displacement": 0.07020890084396378,
      "total_rotation_deg": 93.07834368522576,
      "waypoints": [
        {
          "t": 0.0,
          "position": [
            0.03548829819640048,
            -0.5261912971959357,
            0.014340365068820795
          ],
          "quaternion_wxyz": [
            0.6819847324832148,
            -0.1868069181261712,
            -0.4892932543463968,
            -0.5104822340210403
          ],
          "rotation_matrix": [
            [
              0.0,
              0.8790889094182064,
              -0.47665783255013766
            ],
            [
              -0.5134754498032116,
              0.40902212817674166,
              0.7543499593071352
            ],
            [
              0.8581042841328288,
              0.24475209497090583,
              0.4513905731815551
            ]
          ]
        },
        {
          "t": 0.0006666666666666666,
          "position": [
            0.03554059340669443,
            -0.526178188252357,
            0.014501908353124477
          ],
          "quaternion_wxyz": [
            0.6820205100297863,
            -0.1869555142026582,
            -0.489390862103193,
            -0.5102864329940816
          ],
          "rotation_matrix": [
            [
              0.00020868078414026616,
              0.8790402671218874,
              -0.4767474858078417
            ],
            [
              -0.5130629860420551,
              0.4093107840213541,
              0.754474025022036
            ],
            [
              0.8583509356921949,
              0.2444440444254582,
              0.4510884395971535
            ]
          ]
        },
        {
          "t": 0.0013333333333333333,
          "position": [
            0.035550305570911045,
            -0.5261748470563126,
            0.014531350413879495
          ],
          "quaternion_wxyz": [
            0.6820237660346625,
            -0.18698316150995634,
            -0.4894093481330566,
            -0.5102542207915719
          ],
          "rotation_matrix": [
            [
              0.00023824024872485668,
              0.8790336249685016,
              -0.4767597187366047
            ],
            [
              -0.5129883962252252,
              0.4093558549508163,
              0.7545002911538697
            ],
            [
              0.8583955082463918,
              0.2443924511624526,
              0.4510315745423639
            ]
          ]
        },
        {
          "t": 0.002,
          "position": [
            0.035691342472617134,
            -0.5261415706290771,
            0.014964181733932554
          ],
          "quaternion_wxyz": [
            0.6821419492471066,
            -0.18736259740613448,
            -0.4896801490328717,
            -0.5096969391841875
          ],
          "rotation_matrix": [
            [
              0.0008447636588296365,
              0.8788668164797254,
              -0.47706645790564733
            ],
            [
              -0.5118758379981455,
              0.41020857455755333,
              0.7547927211020715
            ],
            [
              0.8590590275678289,
              0.24356117146052372,
              0.4502172174716719
            ]
          ]
        },
        {
          "t": 0.0026666666666666666,
          "position": [
            0.035828644017806034,
            -0.5261110459560748,
            0.015387542982340068
          ],
          "quaternion_wxyz": [
            0.6822654045715172,
            -0.1877337173303043,
            -0.4899428623019806,
            -0.5091423777113351
          ],
          "rotation_matrix": [
            [
              0.001460061795579889,
              0.8786980502631688,
              -0.47737574789336307
            ],
            [
              -0.5107828709880752,
              0.41106018119014204,
              0.7550697889206102
            ],
            [
              0.859708512766076,
              0.24273290649725177,
              0.44942408611230744
            ]
          ]
        },
        {
          "t": 0.0033333333333333335,
          "position": [
            0.03593659625683111,
            -0.5260900859291511,
            0.015724060688249213
          ],
          "quaternion_wxyz": [
            0.6823713226002371,
            -0.18803380068382777,
            -0.49014494986303675,
            -0.5086949931117456
          ],
          "rotation_matrix": [
            [
              0.0019746642136021946,
              0.8785653861139346,
              -0.4776180095193292
            ],
            [
              -0.5099101148815187,
              0.41174538756542417,
              0.7552863103192189
            ],
            [
              0.8602254212940266,
              0.2420508172554722,
              0.44880243584724455
            ]
          ]
        },
        {
          "t": 0.004,
          "position": [
            0.036035027336366085,
            -0.526073773450158,
            0.016035300855581525
          ],
          "quaternion_wxyz": [
            0.6824753265834441,
            -0.18831922434628118,
            -0.4903246686300082,
            -0.5082765169465425
          ],
          "rotation_matrix": [
            [
              0.0024734033071247006,
              0.8784474863409879,
              -0.4778324978596276
            ],
            [
              -0.5090972412464941,
              0.41238170412316266,
              0.7554874777619988
            ],
            [
              0.8607054555589937,
              0.24139458121226973,
              0.4482351781479104
            ]
          ]
        },
        {
          "t": 0.004666666666666667,
          "position": [
            0.03615251954866959,
            -0.5260571062418212,
            0.016413019544338433
          ],
          "quaternion_wxyz": [
            0.6826113020967132,
            -0.18867616718767036,
            -0.4905331340298214,
            -0.5077601388491239
          ],
          "rotation_matrix": [
            [
              0.003113771629596063,
              0.8783094422767347,
              -0.47808244898475577
            ],
            [
              -0.5081017958500339,
              0.4131618906611249,
              0.7557313128055444
            ],
            [
              0.8612913963798401,
              0.24056137617212522,
              0.44755709670744026
            ]
          ]
        },
        {
          "t": 0.005333333333333333,
          "position": [
            0.03625043583259627,
            -0.5260435653912146,
            0.016729334891143796
          ],
          "quaternion_wxyz": [
            0.6827265971730571,
            -0.18897580724813712,
            -0.49070846072167695,
            -0.5073241018950071
          ],
          "rotation_matrix": [
            [
              0.0036549244251694703,
              0.8781913704749637,
              -0.4782954717998513
            ],
            [
              -0.5072632605239945,
              0.41382079982122355,
              0.7559340779151195
            ],
            [
              0.8617833985681885,
              0.23985883859386467,
              0.44698670170109245
            ]
          ]
        },
        {
          "t": 0.006,
          "position": [
            0.036368795556256384,
            -0.5260259499708487,
            0.0171124182073097
          ],
          "quaternion_wxyz": [
            0.6828692905217317,
            -0.18933819796204723,
            -0.4909231065054052,
            -0.5067889919423211
          ],
          "rotation_matrix": [
            [
              0.0043188422903326015,
              0.8780422713879934,
              -0.4785635979162808
            ],
            [
              -0.5062402860958494,
              0.4146319288756831,
              0.7561753343543488
            ],
            [
              0.8623816558418828,
              0.23900237071128072,
              0.446291100582074
            ]
          ]
        },
        {
          "t": 0.006666666666666667,
          "position": [
            0.03647022784176002,
            -0.5260091816010658,
            0.017440846337901904
          ],
          "quaternion_wxyz": [
            0.6829927515029027,
            -0.1896449995465121,
            -0.49111050332703754,
            -0.5063261291532971
          ],
          "rotation_matrix": [
            [
              0.004888648916999803,
              0.8779074545748499,
              -0.4788053908501515
            ],
            [
              -0.5053608498543871,
              0.41533725016582373,
              0.7563764803684923
            ],
            [
              0.8628942649849644,
              0.2382718401732966,
              0.4456904953366753
            ]
          ]
        },
        {
          "t": 0.007333333333333333,
          "position": [
            0.036530370533195626,
            -0.5259999007308356,
            0.017637297932608428
          ],
          "quaternion_wxyz": [
            0.6830690563559743,
            -0.1898337392291958,
            -0.4912185232445965,
            -0.5060476045992297
          ],
          "rotation_matrix": [
            [
              0.005240368601553077,
              0.8778306175788395,
              -0.4789425282552868
            ],
            [
              -0.5048312213966885,
              0.4157579466578248,
              0.7564990202832249
            ],
            [
              0.8632021642916395,
              0.2378208078049365,
              0.44533502774226086
            ]
          ]
        },
        {
          "t": 0.008,
          "position": [
            0.03666317994515674,
            -0.5259858612756273,
            0.018079011574442055
          ],
          "quaternion_wxyz": [
            0.6832483214707812,
            -0.19028369621428926,
            -0.4914383662381017,
            -0.5054227718965711
          ],
          "rotation_matrix": [
            [
              0.0060723076752167895,
              0.8776839386383936,
              -0.47920145130121133
            ],
            [
              -0.5036331034837149,
              0.41667987320536365,
              0.7567903146423055
            ],
            [
              0.8638963040507708,
              0.23674625047659723,
              0.4445608942874506
            ]
          ]
        },
        {
          "t": 0.008666666666666666,
          "position": [
            0.036789070458355014,
            -0.525975092143924,
            0.018500669451017443
          ],
          "quaternion_wxyz": [
            0.6834220411701148,
            -0.19072195540979794,
            -0.4916383781237613,
            -0.5048278464222969
          ],
          "rotation_matrix": [
            [
              0.0068811012649186735,
              0.877553420140326,
              -0.4794294997587174
            ],
            [
              -0.5024884888217764,
              0.4175479624011093,
              0.7570726634159771
            ],
            [
              0.8645565158187828,
              0.2356983111684714,
              0.44383368175994686
            ]
          ]
        },
        {
          "t": 0.009333333333333334,
          "position": [
            0.03687135424452517,
            -0.5259700202950899,
            0.01877796823014014
          ],
          "quaternion_wxyz": [
            0.6835373279861348,
            -0.1910137014003272,
            -0.4917639769884775,
            -0.5044389735769809
          ],
          "rotation_matrix": [
            [
              0.007419025746147736,
              0.8774730511785008,
              -0.47956855871289683
            ],
            [
              -0.501738421341356,
              0.4181101756264268,
              0.7572598217144442
            ],
            [
              0.8649875806071358,
              0.23499984145973576,
              0.4433639136265926
            ]
          ]
        },
        {
          "t": 0.01,
          "position": [
            0.03697333843461999,
            -0.5259647794447972,
            0.01912406220089525
          ],
          "quaternion_wxyz": [
            0.6836897172340258,
            -0.19138909637783982,
            -0.49191090464169157,
            -0.5039466700264269
          ],
          "rotation_matrix": [
            [
              0.00812283132772734,
              0.8773790797352684,
              -0.47972905899852525
            ],
            [
              -0.5007935455866652,
              0.418815935112426,
              0.7574952390544155
            ],
            [
              0.8655286501945976,
              0.23409221031843094,
              0.442787751363482
            ]
          ]
        },
        {
          "t": 0.010666666666666666,
          "position": [
            0.037039118294701516,
            -0.5259586148004302,
            0.019346479716857046
          ],
          "quaternion_wxyz": [
            0.6837937685921116,
            -0.1916227252813315,
            -0.4920009658555336,
            -0.503628695357577
          ],
          "rotation_matrix": [
            [
              0.008586373619283801,
              0.8773134589728584,
              -0.47984098291688715
            ],
            [
              -0.5001991953022334,
              0.4192777367348859,
              0.7576324600312025
            ],
            [
              0.8658677954542434,
              0.23351075816013572,
              0.4424315615049047
            ]
          ]
        },
        {
          "t": 0.011333333333333334,
          "position": [
            0.03710395961228441,
            -0.5259503893985107,
            0.019565555487184284
          ],
          "quaternion_wxyz": [
            0.6839037784125543,
            -0.19185649582348852,
            -0.49208653216735493,
            -0.5033066180201392
          ],
          "rotation_matrix": [
            [
              0.009066586233263061,
              0.8772465909320744,
              -0.4799543891929992
            ],
            [
              -0.49960660012034414,
              0.4197470665334471,
              0.7577635813683689
            ],
            [
              0.8662049654256146,
              0.2329180517426494,
              0.44208385973862757
            ]
          ]
        },
        {
          "t": 0.012,
          "position": [
            0.03717908764798247,
            -0.5259470141952338,
            0.019824278058095956
          ],
          "quaternion_wxyz": [
            0.6840330227963083,
            -0.19216022649484601,
            -0.49218733292366346,
            -0.5029163950271313
          ],
          "rotation_matrix": [
            [
              0.009653457844799394,
              0.8771805025503902,
              -0.48006372148974197
            ],
            [
              -0.49886518506288363,
              0.42029909393124965,
              0.7579460394831566
            ],
            [
              0.8666258349954372,
              0.23217027712217433,
              0.44165215332483243
            ]
          ]
        },
        {
          "t": 0.012666666666666666,
          "position": [
            0.037239127379315375,
            -0.5259468583416808,
            0.020032400466563623
          ],
          "quaternion_wxyz": [
            0.6841359723562435,
            -0.19241800617063212,
            -0.49226868645329436,
            -0.5025980725858825
          ],
          "rotation_matrix": [
            [
              0.010133435540996596,
              0.8771335604779098,
              -0.4801395948690132
            ],
            [
              -0.4982481238901089,
              0.4207409766670696,
              0.7581067455106062
            ],
            [
              0.866975270997881,
              0.23154642651001714,
              0.4412937024766864
            ]
          ]
        },
        {
          "t": 0.013333333333333334,
          "position": [
            0.03735696084507598,
            -0.5259511580140745,
            0.02044239751716304
          ],
          "quaternion_wxyz": [
            0.6843353908054385,
            -0.19295271879318146,
            -0.4924293228286584,
            -0.5019638266050614
          ],
          "rotation_matrix": [
            [
              0.011091357597012472,
              0.8770543762034048,
              -0.4802630560043221
            ],
            [
              -0.49699206959282133,
              0.4216031301791642,
              0.7584521628820283
            ],
            [
              0.86768419632158,
              0.23027466599380936,
              0.4405652206566108
            ]
          ]
        },
        {
          "t": 0.014,
          "position": [
            0.03743184744519609,
            -0.5259570716771186,
            0.020704333346750644
          ],
          "quaternion_wxyz": [
            0.6844572927907224,
            -0.19329515740169464,
            -0.4925328432257182,
            -0.5015641482548762
          ],
          "rotation_matrix": [
            [
              0.011689607058688031,
              0.8770069050613919,
              -0.48033555100049713
            ],
            [
              -0.4961900512366314,
              0.4221407746193453,
              0.7586781922877561
            ],
            [
              0.8681352349365444,
              0.22946907170987296,
              0.44009676093704364
            ]
          ]
        },
        {
          "t": 0.014666666666666666,
          "position": [
            0.037483926220223805,
            -0.5259615428333132,
            0.020885568566882555
          ],
          "quaternion_wxyz": [
            0.6845409273216896,
            -0.19352974558182137,
            -0.4926028427839049,
            -0.5012907296946676
          ],
          "rotation_matrix": [
            [
              0.012100087206792665,
              0.8769746475965295,
              -0.480384278839379
            ],
            [
              -0.49564143625164286,
              0.42250768379296116,
              0.7588325400256394
            ],
            [
              0.8684429483608714,
              0.22891641400699766,
              0.43977735371145854
            ]
          ]
        },
        {
          "t": 0.015333333333333332,
          "position": [
            0.0375012017798927,
            -0.5259655074777185,
            0.020946821345439945
          ],
          "quaternion_wxyz": [
            0.6845645827854561,
            -0.19360512093538024,
            -0.4926270148157247,
            -0.5012055600421041
          ],
          "rotation_matrix": [
            [
              0.012223221713243334,
              0.8769653757557342,
              -0.4803980876003279
            ],
            [
              -0.4954649246405173,
              0.42262008745946966,
              0.7588852153798785
            ],
            [
              0.8685419398622284,
              0.22874438002785463,
              0.4396713628416458
            ]
          ]
        },
        {
          "t": 0.016,
          "position": [
            0.037600934943458675,
            -0.5259910558825786,
            0.0213065099803085
          ],
          "quaternion_wxyz": [
            0.6847001205892094,
            -0.19408761838677024,
            -0.4927813870530963,
            -0.5006817810027642
          ],
          "rotation_matrix": [
            [
              0.012968517491838433,
              0.8769192832526744,
              -0.4804626813886584
            ],
            [
              -0.4943482200613344,
              0.4232955011202149,
              0.7592369564562962
            ],
            [
              0.8691672191667041,
              0.2276696936001257,
              0.43899300192491364
            ]
          ]
        },
        {
          "t": 0.016666666666666666,
          "position": [
            0.03769248249406334,
            -0.5260156180933337,
            0.02163830827910759
          ],
          "quaternion_wxyz": [
            0.6848229066349324,
            -0.1945414099071775,
            -0.4929260125983336,
            -0.5001951344058813
          ],
          "rotation_matrix": [
            [
              0.013657547241164206,
              0.8768792145954983,
              -0.48051671605391405
            ],
            [
              -0.49330112871480625,
              0.4239169346945297,
              0.759571213832733
            ],
            [
              0.8697513827581883,
              0.22666555865977905,
              0.4383551718694295
            ]
          ]
        },
        {
          "t": 0.017333333333333333,
          "position": [
            0.03773945704991359,
            -0.5260269715609442,
            0.021809245144826347
          ],
          "quaternion_wxyz": [
            0.6848889718806691,
            -0.1947834017482529,
            -0.4930019441824174,
            -0.4999356014848064
          ],
          "rotation_matrix": [
            [
              0.014026954800746783,
              0.8768579517245729,
              -0.4805448751468532
            ],
            [
              -0.4927435687016791,
              0.42424764154131583,
              0.7597484545197852
            ],
            [
              0.870061503596084,
              0.22612843946967745,
              0.4380170188704309
            ]
          ]
        },
        {
          "t": 0.018,
          "position": [
            0.037793532590349815,
            -0.5260393984059356,
            0.022007217989133875
          ],
          "quaternion_wxyz": [
            0.6849662550919001,
            -0.1950782927960825,
            -0.4930918393645506,
            -0.4996259871316023
          ],
          "rotation_matrix": [
            [
              0.014468621869695839,
              0.8768369111310079,
              -0.48057017203830343
            ],
            [
              -0.4920708542738621,
              0.4246366653235829,
              0.7599670893088021
            ],
            [
              0.8704349104632176,
              0.22547889864480306,
              0.4376097952626618
            ]
          ]
        },
        {
          "t": 0.018666666666666668,
          "position": [
            0.03784069362139841,
            -0.5260542390198882,
            0.02218266395132045
          ],
          "quaternion_wxyz": [
            0.6850279354398857,
            -0.19533446569752821,
            -0.4931725181785967,
            -0.49936163397983485
          ],
          "rotation_matrix": [
            [
              0.014837651644725353,
              0.8768205189933495,
              -0.4805888279594144
            ],
            [
              -0.491486157655388,
              0.4249648100378073,
              0.760162000535481
            ],
            [
              0.8707589798127485,
              0.2249237375083767,
              0.4372506276470487
            ]
          ]
        },
        {
          "t": 0.019333333333333334,
          "position": [
            0.037920182197266554,
            -0.5260916627742539,
            0.022483393060196782
          ],
          "quaternion_wxyz": [
            0.6851111152090797,
            -0.19573878859899077,
            -0.49331114282951016,
            -0.49895210473051754
          ],
          "rotation_matrix": [
            [
              0.015381827090440867,
              0.8767955168122684,
              -0.48061733331910406
            ],
            [
              -0.49055501481546315,
              0.4254662476440763,
              0.7604829054952504
            ],
            [
              0.871274455514728,
              0.22407162650935825,
              0.4366608859950492
            ]
          ]
        },
        {
          "t": 0.02,
          "position": [
            0.03800233159957653,
            -0.5261343651846393,
            0.022795741729361003
          ],
          "quaternion_wxyz": [
            0.6851903491485191,
            -0.19614785134688487,
            -0.4934540290054519,
            -0.49854119900367067
          ],
          "rotation_matrix": [
            [
              0.015919588308519635,
              0.8767711314731774,
              -0.4806443068598964
            ],
            [
              -0.48961134136417045,
              0.42596538661446787,
              0.7608115560435377
            ],
            [
              0.8717954468299258,
              0.2232170970481493,
              0.43605828333953983
            ]
          ]
        },
        {
          "t": 0.020666666666666667,
          "position": [
            0.03806930814789782,
            -0.5261740494177025,
            0.023051638510703607
          ],
          "quaternion_wxyz": [
            0.6852464158874386,
            -0.19646562225410105,
            -0.4935702075029271,
            -0.4982239045361491
          ],
          "rotation_matrix": [
            [
              0.0163227824285248,
              0.876751445668899,
              -0.4806666925061333
            ],
            [
              -0.4888731338988305,
              0.42634840044062716,
              0.7610716788772772
            ],
            [
              0.8722021702125331,
              0.22256222489943356,
              0.4355794190746199
            ]
          ]
        },
        {
          "t": 0.021333333333333333,
          "position": [
            0.03813786631455338,
            -0.5262174987708349,
            0.02331594524229524
          ],
          "quaternion_wxyz": [
            0.6853016516676969,
            -0.196782242492825,
            -0.493689887201042,
            -0.49790429857196866
          ],
          "rotation_matrix": [
            [
              0.01672320947793755,
              0.8767280825634532,
              -0.4806955413802651
            ],
            [
              -0.4881304701681756,
              0.4267361170046009,
              0.7613310255944193
            ],
            [
              0.8726104390596517,
              0.22191024239862667,
              0.43509408862880306
            ]
          ]
        },
        {
          "t": 0.022,
          "position": [
            0.03820719525724705,
            -0.5262657969212794,
            0.023584391793236733
          ],
          "quaternion_wxyz": [
            0.6853503371980708,
            -0.19708678927842108,
            -0.49381043602113456,
            -0.49759719258756974
          ],
          "rotation_matrix": [
            [
              0.01709657441115272,
              0.8767038341494929,
              -0.4807266315947988
            ],
            [
              -0.487409780761689,
              0.4271076628402834,
              0.7615843682458107
            ],
            [
              0.8730059637591095,
              0.22129037828984138,
              0.43461610153604907
            ]
          ]
        },
        {
          "t": 0.02266666666666667,
          "position": [
            0.03827283342220866,
            -0.5263101275295943,
            0.023841386716626414
          ],
          "quaternion_wxyz": [
            0.6854039469495256,
            -0.19738273843337253,
            -0.49392667417065594,
            -0.497290583680477
          ],
          "rotation_matrix": [
            [
              0.017477031850870173,
              0.8766750567339684,
              -0.48076542955133134
            ],
            [
              -0.4867046586041267,
              0.42748425990104405,
              0.7618239841494313
            ],
            [
              0.8733917383674124,
              0.22067635222271084,
              0.4341529902214848
            ]
          ]
        },
        {
          "t": 0.023333333333333334,
          "position": [
            0.038342186835669055,
            -0.5263579063578314,
            0.024114300362322174
          ],
          "quaternion_wxyz": [
            0.6854607549624443,
            -0.19769106647009313,
            -0.4940511245453882,
            -0.4969660772926765
          ],
          "rotation_matrix": [
            [
              0.017876408711513088,
              0.8766404724646977,
              -0.4808138060018142
            ],
            [
              -0.4859624976587195,
              0.4278859205149897,
              0.7620722340367431
            ],
            [
              0.8737968212797554,
              0.22003436335010032,
              0.4336634571456801
            ]
          ]
        },
        {
          "t": 0.024,
          "position": [
            0.038394534469260465,
            -0.5263955676168629,
            0.024319440403231873
          ],
          "quaternion_wxyz": [
            0.6854986948890317,
            -0.19791450179061384,
            -0.49414498806749374,
            -0.49673143654713836
          ],
          "rotation_matrix": [
            [
              0.018157221427164864,
              0.8766144211751675,
              -0.48085077923537783
            ],
            [
              -0.4854205846748688,
              0.4281754598520738,
              0.7622549649230141
            ],
            [
              0.8740921983873782,
              0.21957443421574072,
              0.4333011614964708
            ]
          ]
        },
        {
          "t": 0.024666666666666667,
          "position": [
            0.03847757937822636,
            -0.5264576542029163,
            0.024643403733006265
          ],
          "quaternion_wxyz": [
            0.6855497500483368,
            -0.1982559364939898,
            -0.49429495446094585,
            -0.4963754847371145
          ],
          "rotation_matrix": [
            [
              0.018567752292871165,
              0.876573997182039,
              -0.48090879180213836
            ],
            [
              -0.48458636078093315,
              0.4286119235922648,
              0.7625404106636181
            ],
            [
              0.8745463381191462,
              0.21888317982844732,
              0.43273416327765807
            ]
          ]
        },
        {
          "t": 0.025333333333333333,
          "position": [
            0.03853721204327523,
            -0.5265048828418825,
            0.024873822614203792
          ],
          "quaternion_wxyz": [
            0.6855775180118694,
            -0.19848793277951457,
            -0.49440029117283635,
            -0.49613945562292694
          ],
          "rotation_matrix": [
            [
              0.018827985324779042,
              0.8765490966653449,
              -0.4809440592181974
            ],
            [
              -0.4840191296259294,
              0.42889636222869365,
              0.7627407112633742
            ],
            [
              0.8748548388861397,
              0.21842525402327492,
              0.4323417852572326
            ]
          ]
        },
        {
          "t": 0.026,
          "position": [
            0.0385953726448466,
            -0.5265553509163686,
            0.025095217768346317
          ],
          "quaternion_wxyz": [
            0.6855909352418833,
            -0.1986945700589452,
            -0.4944980402275346,
            -0.4959407480278043
          ],
          "rotation_matrix": [
            [
              0.019028925313477125,
              0.876533113522805,
              -0.48096528034041197
            ],
            [
              -0.48351681153333137,
              0.42912648454791724,
              0.7629298481640314
            ],
            [
              0.8751282151569454,
              0.21803706370829518,
              0.43198431207941135
            ]
          ]
        },
        {
          "t": 0.02666666666666667,
          "position": [
            0.03868682609646773,
            -0.5266410095355577,
            0.025440471096091887
          ],
          "quaternion_wxyz": [
            0.685593799431795,
            -0.19899854983916,
            -0.49464628973871955,
            -0.49566699243575396
          ],
          "rotation_matrix": [
            [
              0.019278561314804064,
              0.8765202218734911,
              -0.4809788329167692
            ],
            [
              -0.4827846445107175,
              0.42942761954170183,
              0.7632240212380698
            ],
            [
              0.8755268837083289,
              0.21749533377653305,
              0.4314492504182362
            ]
          ]
        },
        {
          "t": 0.027333333333333334,
          "position": [
            0.03879920621722335,
            -0.5267513251814355,
            0.025861475372596313
          ],
          "quaternion_wxyz": [
            0.6855852993890308,
            -0.199354294921676,
            -0.4948190213943679,
            -0.49536329943209817
          ],
          "rotation_matrix": [
            [
              0.01953867528410874,
              0.8765161861397218,
              -0.4809756912742244
            ],
            [
              -0.4819389976466222,
              0.42974613334254314,
              0.7635791140542686
            ],
            [
              0.8759868964278157,
              0.21688161818185778,
              0.43082400232418044
            ]
          ]
        },
        {
          "t": 0.028,
          "position": [
            0.038909156180783,
            -0.5268598384453683,
            0.026274638849406756
          ],
          "quaternion_wxyz": [
            0.6855741960843137,
            -0.19970477795081878,
            -0.4949911255425934,
            -0.4950654592688098
          ],
          "rotation_matrix": [
            [
              0.019787953346055688,
              0.8765123941197905,
              -0.48097241069552704
            ],
            [
              -0.4811040228658859,
              0.43005638540364155,
              0.763930902995299
            ],
            [
              0.8764401611532653,
              0.21628113260504062,
              0.43020357459436065
            ]
          ]
        },
        {
          "t": 0.028666666666666667,
          "position": [
            0.038960979698935985,
            -0.5269111876721884,
            0.026469792545803797
          ],
          "quaternion_wxyz": [
            0.6855683410298554,
            -0.1998714538558872,
            -0.49507267956610673,
            -0.4949247353470433
          ],
          "rotation_matrix": [
            [
              0.019905096577766065,
              0.8765112519483603,
              -0.4809696584314311
            ],
            [
              -0.4807076670340638,
              0.4302018165488743,
              0.7640985119002078
            ],
            [
              0.876654964043793,
              0.21599634774444348,
              0.4299088877605179
            ]
          ]
        },
        {
          "t": 0.029333333333333333,
          "position": [
            0.039011346980281955,
            -0.5269594422924103,
            0.02666269687008331
          ],
          "quaternion_wxyz": [
            0.6855655852874118,
            -0.2000499166653172,
            -0.4951589157379916,
            -0.4947701560087317
          ],
          "rotation_matrix": [
            [
              0.020040281776520886,
              0.8765077828296076,
              -0.4809703667991837
            ],
            [
              -0.48028178351424594,
              0.43036504712907675,
              0.7642743843864946
            ],
            [
              0.8768852807114611,
              0.2156850315661311,
              0.42959535801373294
            ]
          ]
        },
        {
          "t": 0.03,
          "position": [
            0.0390301811298511,
            -0.5269770153378063,
            0.026735680018704255
          ],
          "quaternion_wxyz": [
            0.6855650485842955,
            -0.20012282222991884,
            -0.4951926965009565,
            -0.49470760405966735
          ],
          "rotation_matrix": [
            [
              0.020097159635286747,
              0.8765072051641212,
              -0.4809690462633456
            ],
            [
              -0.48010976528099614,
              0.43043048501503783,
              0.7643456095556111
            ],
            [
              0.8769781738755793,
              0.21555676017714995,
              0.4294700987086685
            ]
          ]
        },
        {
          "t": 0.030666666666666665,
          "position": [
            0.039110626865077956,
            -0.5270612801404382,
            0.027032016503212478
          ],
          "quaternion_wxyz": [
            0.6855408942704102,
            -0.20036883930906654,
            -0.4953038327334764,
            -0.49453020514058804
          ],
          "rotation_matrix": [
            [
              0.02022797896624961,
              0.8765282662888122,
              -0.48092517843960636
            ],
            [
              -0.4795544500107937,
              0.43058440887357685,
              0.7646074785831152
            ],
            [
              0.8772789512689291,
              0.21516334544873209,
              0.4290528830259137
            ]
          ]
