{
  "metadata": {
    "n_handles": 2,
    "n_steps": 1501,
    "trajectory_direction": "rest_to_deformed",
    "influence_radius": 0.13600000739097595,
    "mesh_type": "tetrahedral",
    "handle_placement_method": "displacement",
    "physics": {
      "w_strain": 5.0,
      "w_bend": 2.0,
      "w_reg": 0.0,
      "lambda_lame": 62.79966735839844,
      "mu_lame": 8.194999694824219
    }
  },
  "handles": [
    {
      "handle_id": 0,
      "handle_vertex_index": 0,
      "grasp_position": [
        0.007132694444444451,
        -0.4966648611111111,
        -0.03658918055555556
      ],
      "surface_normal": [
        0.6402233902168675,
        0.7291048544192941,
        0.2419093257430158
      ],
      "n_vertices_in_region": 84,
      "total_displacement": 0.06942773420938797,
      "total_rotation_deg": 101.31369765732032,
      "waypoints": [
        {
          "t": 0.0,
          "position": [
            -0.0020931548646615622,
            -0.5278824133906865,
            0.024066824303339517
          ],
          "quaternion_wxyz": [
            -0.6153607757539444,
            0.34832616276057093,
            0.2759957184185692,
            0.6510194800577153
          ],
          "rotation_matrix": [
            [
              0.0,
              0.9934967636253313,
              0.11386035595986867
            ],
            [
              -0.608950645487703,
              -0.09031495815594022,
              0.7880496936676533
            ],
            [
              0.7932081135226093,
              -0.06933533725722164,
              0.6049904955008073
            ]
          ]
        },
        {
          "t": 0.0006666666666666666,
          "position": [
            -0.002043778923858044,
            -0.5278740112373457,
            0.024234075218191913
          ],
          "quaternion_wxyz": [
            -0.6153619535514049,
            0.3484651537974717,
            0.27617122947721945,
            0.6508695374031143
          ],
          "rotation_matrix": [
            [
              0.00019659457939366138,
              0.9935127999920581,
              0.11372017233467377
            ],
            [
              -0.6085686001779143,
              -0.09011823626057697,
              0.7883672763167288
            ],
            [
              0.7935012414773225,
              -0.06936151482279886,
              0.6046029771944702
            ]
          ]
        },
        {
          "t": 0.0013333333333333333,
          "position": [
            -0.002034679877243534,
            -0.5278716894539762,
            0.02426465533828734
          ],
          "quaternion_wxyz": [
            -0.6153616936136334,
            0.34848796888582523,
            0.2762002688051845,
            0.6508452451134115
          ],
          "rotation_matrix": [
            [
              0.00022775685041376883,
              0.9935154059866808,
              0.11369734467987419
            ],
            [
              -0.6085055232628505,
              -0.09008679508950689,
              0.7884195567750623
            ],
            [
              0.7935496054333393,
              -0.06936503017307936,
              0.6045390941061306
            ]
          ]
        },
        {
          "t": 0.002,
          "position": [
            -0.0019042033136096978,
            -0.5278507065500039,
            0.024710831951121975
          ],
          "quaternion_wxyz": [
            -0.6153708924075535,
            0.3488643625547564,
            0.2767135251541529,
            0.650416748180393
          ],
          "rotation_matrix": [
            [
              0.0007753573664097595,
              0.993566044652208,
              0.11325155066681251
            ],
            [
              -0.6074240944021974,
              -0.0894965795482863,
              0.7893201706437667
            ],
            [
              0.7943773463276833,
              -0.0694037258121979,
              0.6034465630706325
            ]
          ]
        },
        {
          "t": 0.0026666666666666666,
          "position": [
            -0.0017766580931753088,
            -0.52783147000622,
            0.02514700309984635
          ],
          "quaternion_wxyz": [
            -0.6153793922756328,
            0.34924024786590785,
            0.27722218538474935,
            0.649990240514068
          ],
          "rotation_matrix": [
            [
              0.0013210943339341994,
              0.9936154878573432,
              0.11281186548006326
            ],
            [
              -0.606346908909272,
              -0.08891212698565504,
              0.7902139328861095
            ],
            [
              0.7951991453490884,
              -0.06944707307145691,
              0.6023582184007098
            ]
          ]
        },
        {
          "t": 0.0033333333333333335,
          "position": [
            -0.0016751315799421265,
            -0.5278189663207551,
            0.025493950145667337
          ],
          "quaternion_wxyz": [
            -0.6153861280441111,
            0.34954928224229675,
            0.27762636943887786,
            0.6496451428949193
          ],
          "rotation_matrix": [
            [
              0.001769574610454003,
              0.9936534145119907,
              0.11247115375809227
            ],
            [
              -0.6054770218391368,
              -0.08844702480583254,
              0.7909328036085477
            ],
            [
              0.7958608198852956,
              -0.06949831382810275,
              0.6014777965507522
            ]
          ]
        },
        {
          "t": 0.004,
          "position": [
            -0.0015808769056878259,
            -0.5278100840545963,
            0.025815473444428017
          ],
          "quaternion_wxyz": [
            -0.6153929168470601,
            0.34984342494306997,
            0.2779934690232802,
            0.6493233147662051
          ],
          "rotation_matrix": [
            [
              0.0021977281628582953,
              0.99368631192804,
              0.11217256113279037
            ],
            [
              -0.604669562671126,
              -0.08802237814944401,
              0.791597613008209
            ],
            [
              0.7964734081989296,
              -0.06956704985162458,
              0.6006584184075985
            ]
          ]
        },
        {
          "t": 0.004666666666666667,
          "position": [
            -0.0014659417019173334,
            -0.52780180780618,
            0.0262063828553228
          ],
          "quaternion_wxyz": [
            -0.6154012133086014,
            0.35021335274690635,
            0.2784335024968323,
            0.648927375677293
          ],
          "rotation_matrix": [
            [
              0.0027360915678531347,
              0.9937236495315722,
              0.11182943332550106
            ],
            [
              -0.6036791278283784,
              -0.08751226269100161,
              0.7924096885445905
            ],
            [
              0.797222694374218,
              -0.06967720024259266,
              0.5996507844888254
            ]
          ]
        },
        {
          "t": 0.005333333333333333,
          "position": [
            -0.0013696228404383285,
            -0.5277951279545471,
            0.02653384557055804
          ],
          "quaternion_wxyz": [
            -0.6154088315775822,
            0.3505242847391342,
            0.2788003962634089,
            0.6485946614549024
          ],
          "rotation_matrix": [
            [
              0.0031906083511298966,
              0.993754384513942,
              0.11154390736827607
            ],
            [
              -0.6028491465757938,
              -0.08708461811907013,
              0.7930883782758102
            ],
            [
              0.7978488117990608,
              -0.06977458376560586,
              0.5988061297015614
            ]
          ]
        },
        {
          "t": 0.006,
          "position": [
            -0.0012531724097549484,
            -0.5277857893041726,
            0.026930396150300667
          ],
          "quaternion_wxyz": [
            -0.6154192194464878,
            0.35089971640370266,
            0.2792476611005483,
            0.6481892602732247
          ],
          "rotation_matrix": [
            [
              0.003742853272642575,
              0.9937921073917143,
              0.11119009995782586
            ],
            [
              -0.6018404070481232,
              -0.08655985621120783,
              0.7939115289080411
            ],
            [
              0.79860761046431,
              -0.06989018938250183,
              0.5977802655939439
            ]
          ]
        },
        {
          "t": 0.006666666666666667,
          "position": [
            -0.0011534705350576904,
            -0.5277760300088462,
            0.027270301835897907
          ],
          "quaternion_wxyz": [
            -0.615429787586216,
            0.35121991647642625,
            0.27963439680880064,
            0.6478389853530391
          ],
          "rotation_matrix": [
            [
              0.004218506356241553,
              0.9938251572706939,
              0.11087723379179416
            ],
            [
              -0.6009724793089306,
              -0.08610156134563758,
              0.79461852498125
            ],
            [
              0.7992585835106094,
              -0.06998626938919152,
              0.5968983487819375
            ]
          ]
        },
        {
          "t": 0.007333333333333333,
          "position": [
            -0.0010937087820075697,
            -0.527770622076302,
            0.02747385765108795
          ],
          "quaternion_wxyz": [
            -0.6154347998266018,
            0.351415948257054,
            0.27986415466230574,
            0.6476286693840377
          ],
          "rotation_matrix": [
            [
              0.0045063230540231805,
              0.9938438955929605,
              0.11069780593335683
            ],
            [
              -0.6004489864204371,
              -0.08583212419479955,
              0.7950433077255188
            ],
            [
              0.7996503659457611,
              -0.07005110735820098,
              0.5963657724900953
            ]
          ]
        },
        {
          "t": 0.008,
          "position": [
            -0.000958481992667212,
            -0.5277646653254972,
            0.027932753112360542
          ],
          "quaternion_wxyz": [
            -0.6154400819834265,
            0.35187923855703984,
            0.280367875054698,
            0.6471540478109246
          ],
          "rotation_matrix": [
            [
              0.005170986078492592,
              0.993880349258195,
              0.11034089112700439
            ],
            [
              -0.5992578117005153,
              -0.08525472025080721,
              0.7960035852853417
            ],
            [
              0.8005394031631877,
              -0.07023876441579445,
              0.5951497122182633
            ]
          ]
        },
        {
          "t": 0.008666666666666666,
          "position": [
            -0.0008290006476748534,
            -0.5277614175158519,
            0.028371624000939892
          ],
          "quaternion_wxyz": [
            -0.6154443060123156,
            0.35232618024422785,
            0.28083893431245843,
            0.64670245235794
          ],
          "rotation_matrix": [
            [
              0.005810862176932494,
              0.9939125019527928,
              0.11001896352909821
            ],
            [
              -0.5981248659948516,
              -0.08471559834223928,
              0.7969127380538006
            ],
            [
              0.8013818556452273,
              -0.0704358279056071,
              0.5939915113761131
            ]
          ]
        },
        {
          "t": 0.009333333333333334,
          "position": [
            -0.000743453425789605,
            -0.5277611800523806,
            0.028660534822135042
          ],
          "quaternion_wxyz": [
            -0.6154459822581976,
            0.35262398563196795,
            0.2811440908138606,
            0.6464058847811612
          ],
          "rotation_matrix": [
            [
              0.006234864641457441,
              0.9939321090692276,
              0.10981843660067664
            ],
            [
              -0.5973795097133214,
              -0.08436848624509762,
              0.7975084199553183
            ],
            [
              0.8019344411082249,
              -0.07057564086283995,
              0.5932286499135525
            ]
          ]
        },
        {
          "t": 0.01,
          "position": [
            -0.0006366394516582682,
            -0.5277620803618154,
            0.02902169510859613
          ],
          "quaternion_wxyz": [
            -0.6154470024048488,
            0.3529991472565106,
            0.28152268057150015,
            0.6460352696183851
          ],
          "rotation_matrix": [
            [
              0.00676682146586817,
              0.9939554726157663,
              0.10957521881216722
            ],
            [
              -0.5964464079180729,
              -0.08393993510916499,
              0.7982516957524988
            ],
            [
              0.8026243782784463,
              -0.07075737236733784,
              0.5922731647186358
            ]
          ]
        },
        {
          "t": 0.010666666666666666,
          "position": [
            -0.0005677587531257454,
            -0.5277598377688061,
            0.029254372447450397
          ],
          "quaternion_wxyz": [
            -0.6154524423513116,
            0.353233665685305,
            0.28176634737369194,
            0.645795628754187
          ],
          "rotation_matrix": [
            [
              0.007111462739337451,
              0.9939717134489336,
              0.10940594112942485
            ],
            [
              -0.595854274453394,
              -0.08365203338270633,
              0.7987239954595071
            ],
            [
              0.8030610877830603,
              -0.07087009360528988,
              0.5916674058270297
            ]
          ]
        },
        {
          "t": 0.011333333333333334,
          "position": [
            -0.0005002326214388049,
            -0.5277555289366378,
            0.029483338230239773
          ],
          "quaternion_wxyz": [
            -0.6154563319291446,
            0.3534685421041399,
            0.28201766738637435,
            0.6455536604443078
          ],
          "rotation_matrix": [
            [
              0.007453013537799777,
              0.993988923314983,
              0.10922670419656134
            ],
            [
              -0.5952514283630287,
              -0.0833590775402622,
              0.7992039797321144
            ],
            [
              0.8035049406313346,
              -0.07097382976879674,
              0.5910520500480556
            ]
          ]
        },
        {
          "t": 0.012,
          "position": [
            -0.0004211452390725461,
            -0.5277569494685826,
            0.02975307129066769
          ],
          "quaternion_wxyz": [
            -0.6154505564004372,
            0.35375843789679906,
            0.28231180456126953,
            0.6452717452737011
          ],
          "rotation_matrix": [
            [
              0.00784883951357451,
              0.99400607527587,
              0.10904273486238536
            ],
            [
              -0.59452534335292,
              -0.08304131526322477,
              0.7997773165492272
            ],
            [
              0.804038563644411,
              -0.07110599318839399,
              0.5903100252429655
            ]
          ]
        },
        {
          "t": 0.012666666666666666,
          "position": [
            -0.0003579257255224359,
            -0.5277607692474595,
            0.02996949015369394
          ],
          "quaternion_wxyz": [
            -0.6154393992136337,
            0.3540013620085058,
            0.2825524475438736,
            0.6450437938455429
          ],
          "rotation_matrix": [
            [
              0.008165236816622411,
              0.9940186324369704,
              0.10890494602716946
            ],
            [
              -0.5939228273622327,
              -0.08279692056477901,
              0.8002501765568536
            ],
            [
              0.8044805802775878,
              -0.07121536566231931,
              0.5896943001647933
            ]
          ]
        },
        {
          "t": 0.013333333333333334,
          "position": [
            -0.00023413668123266638,
            -0.5277729011607587,
            0.030395696679446
          ],
          "quaternion_wxyz": [
            -0.6154077570141087,
            0.35448898785458255,
            0.28302122230438215,
            0.644600525769279
          ],
          "rotation_matrix": [
            [
              0.008778299806596761,
              0.9940401407363354,
              0.10866066468924886
            ],
            [
              -0.5927285141948827,
              -0.082344560664118,
              0.8011818032042357
            ],
            [
              0.8053544871116181,
              -0.07143928840080431,
              0.5884730904289508
            ]
          ]
        },
        {
          "t": 0.014,
          "position": [
            -0.00015479830318188126,
            -0.5277838886687631,
            0.030667663370654335
          ],
          "quaternion_wxyz": [
            -0.615385186470411,
            0.3548045083792166,
            0.2833169699249653,
            0.6443184986162481
          ],
          "rotation_matrix": [
            [
              0.009170333786871003,
              0.9940523952906898,
              0.10851608354707752
            ],
            [
              -0.5919638423745608,
              -0.08206513365035213,
              0.8017756064862063
            ],
            [
              0.8059123490165472,
              -0.07159014770961712,
              0.5876905107712557
            ]
          ]
        },
        {
          "t": 0.014666666666666666,
          "position": [
            -9.972205509507033e-05,
            -0.5277919016239624,
            0.030856164265811496
          ],
          "quaternion_wxyz": [
            -0.6153708704771865,
            0.35501919151853156,
            0.28351761932627434,
            0.6441256282381876
          ],
          "rotation_matrix": [
            [
              0.009439869156634497,
              0.9940606890768082,
              0.10841695114586214
            ],
            [
              -0.5914439051016551,
              -0.08187290259914838,
              0.8021788671701099
            ],
            [
              0.8062908879470211,
              -0.0716950085112281,
              0.5871582663687992
            ]
          ]
        },
        {
          "t": 0.015333333333333332,
          "position": [
            -8.066646039396051e-05,
            -0.5277970756919901,
            0.030919881688888734
          ],
          "quaternion_wxyz": [
            -0.6153667748988954,
            0.3550905775703427,
            0.2835780335829737,
            0.6440635938636079
          ],
          "rotation_matrix": [
            [
              0.009531171857404803,
              0.9940624486304274,
              0.10839282715761339
            ],
            [
              -0.5912788977082051,
              -0.08181446243921786,
              0.8023064619314599
            ],
            [
              0.8064108269895567,
              -0.07173731213220551,
              0.5869883611785682
            ]
          ]
        },
        {
          "t": 0.016,
          "position": [
            2.9185730233297983e-05,
            -0.527829688803034,
            0.0312915203770848
          ],
          "quaternion_wxyz": [
            -0.6153235121694143,
            0.35554386387887144,
            0.28395548652081387,
            0.6436884478568082
          ],
          "rotation_matrix": [
            [
              0.010068927540831708,
              0.9940705346473561,
              0.10826998123862765
            ],
            [
              -0.5902360112612359,
              -0.08149251409217535,
              0.8031067308605905
            ],
            [
              0.8071679303011172,
              -0.07199126534620655,
              0.5859156850642431
            ]
          ]
        },
        {
          "t": 0.016666666666666666,
          "position": [
            0.00013027003374776585,
            -0.5278606861156931,
            0.031634630262118005
          ],
          "quaternion_wxyz": [
            -0.6152822428473047,
            0.355962145478787,
            0.28429542380470935,
            0.6433465820431704
          ],
          "rotation_matrix": [
            [
              0.01056257475413082,
              0.9940762738666551,
              0.10817020728123546
            ],
            [
              -0.5892826378400947,
              -0.08120774728070962,
              0.8038353528665124
            ],
            [
              0.8078579112398223,
              -0.07223339608706258,
              0.5849341259783036
            ]
          ]
        },
        {
          "t": 0.017333333333333333,
          "position": [
            0.00018189398318404834,
            -0.5278753619766986,
            0.03181109367125124
          ],
          "quaternion_wxyz": [
            -0.6152582387636631,
            0.35618454747686035,
            0.28447778233028775,
            0.6431658099841602
          ],
          "rotation_matrix": [
            [
              0.010820264455710188,
              0.9940793072974525,
              0.10811684731548776
            ],
            [
              -0.588772946634057,
              -0.08105938198748139,
              0.8042237212989147
            ],
            [
              0.80822604461063,
              -0.07235818812073432,
              0.5844099189969171
            ]
          ]
        },
        {
          "t": 0.018,
          "position": [
            0.00024123452213186747,
            -0.5278914586625476,
            0.03201565190394037
          ],
          "quaternion_wxyz": [
            -0.6152268697322547,
            0.35645006373783594,
            0.284689159342998,
            0.6429551565803955
          ],
          "rotation_matrix": [
            [
              0.011121498358501075,
              0.9940815147055672,
              0.10806597238845124
            ],
            [
              -0.5881716387351792,
              -0.08089596262378508,
              0.8046800399009282
            ],
            [
              0.8086596537850893,
              -0.07251058781410312,
              0.5837908692263665
            ]
          ]
        },
        {
          "t": 0.018666666666666668,
          "position": [
            0.0002945568203832059,
            -0.5279097109737589,
            0.03219681388405952
          ],
          "quaternion_wxyz": [
            -0.6151999267282785,
            0.3566879936634389,
            0.2848672780088894,
            0.6427700671699619
          ],
          "rotation_matrix": [
            [
              0.011394549340245728,
              0.9940816721555596,
              0.10803607417457567
            ],
            [
              -0.5876467207448786,
              -0.08075936814638264,
              0.8050771739719118
            ],
            [
              0.8090373884074257,
              -0.07266053629236892,
              0.5832486181909419
            ]
          ]
        },
        {
          "t": 0.019333333333333334,
          "position": [
            0.0003886701562549469,
            -0.5279531717988899,
            0.032507224147301214
          ],
          "quaternion_wxyz": [
            -0.6151616932044933,
            0.3570837673491285,
            0.2851382918032168,
            0.6424666752891376
          ],
          "rotation_matrix": [
            [
              0.011865451380919042,
              0.9940782864984953,
              0.10801653285056755
            ],
            [
              -0.5868052646908873,
              -0.08054449152237858,
              0.8057122105396368
            ],
            [
              0.8096411503824202,
              -0.07294480921154065,
              0.5823746752852249
            ]
          ]
        },
        {
          "t": 0.02,
          "position": [
            0.0004872668367062735,
            -0.5280021501370916,
            0.03282971581413939
          ],
          "quaternion_wxyz": [
            -0.61512405352418,
            0.357490021783776,
            0.28540651670580475,
            0.6421576156387748
          ],
          "rotation_matrix": [
            [
              0.012353433797952977,
              0.9940731548117355,
              0.10800905308981018
            ],
            [
              -0.5859532273169205,
              -0.08033103799541207,
              0.8063533590974061
            ],
            [
              0.8102507069224116,
              -0.07324948607678616,
              0.5814880090924225
            ]
          ]
        },
        {
          "t": 0.020666666666666667,
          "position": [
            0.000569067767117986,
            -0.5280470570250343,
            0.03309365227085074
          ],
          "quaternion_wxyz": [
            -0.6150961569063434,
            0.35781581075907953,
            0.2856152078540678,
            0.6419100531790627
          ],
          "rotation_matrix": [
            [
              0.012750873340248261,
              0.9940680879034941,
              0.10800949881499944
            ],
            [
              -0.5852775392525335,
              -0.08016134160277978,
              0.8068608066792844
            ],
            [
              0.8107327656346102,
              -0.0735037136315209,
              0.5807835972252355
            ]
          ]
        },
        {
          "t": 0.021333333333333333,
          "position": [
            0.0006542262454411111,
            -0.5280961606793985,
            0.033366200139811474
          ],
          "quaternion_wxyz": [
            -0.6150718212991441,
            0.3581468150941748,
            0.28582183118440635,
            0.6416567573867243
          ],
          "rotation_matrix": [
            [
              0.013164973036681063,
              0.9940623378723362,
              0.10801273953586901
            ],
            [
              -0.5845976237827614,
              -0.07998507092402402,
              0.8073710464792685
            ],
            [
              0.8112165566299022,
              -0.07377300892843251,
              0.5800734793112199
            ]
          ]
        },
        {
          "t": 0.022,
          "position": [
            0.0007414782450007383,
            -0.5281500623878324,
            0.03364250150318643
          ],
          "quaternion_wxyz": [
            -0.6150500720203226,
            0.35847288417262885,
            0.28602378846569054,
            0.6414054822438667
          ],
          "rotation_matrix": [
            [
              0.013578799558479697,
              0.994056520879861,
              0.10801504289723862
            ],
            [
              -0.5839294313094947,
              -0.07980760267879176,
              0.8078719984016239
            ],
            [
              0.8116908496780674,
              -0.07404309450706009,
              0.5793751674880205
            ]
          ]
        },
        {
          "t": 0.02266666666666667,
          "position": [
            0.0008248710533770376,
            -0.5282003032600613,
            0.033907310260030986
          ],
          "quaternion_wxyz": [
            -0.6150329240033188,
            0.3587883966070338,
            0.2862167904998327,
            0.6411593699604309
          ],
          "rotation_matrix": [
            [
              0.013989222295822447,
              0.9940507708053368,
              0.10801558551518944
            ],
            [
              -0.583285717426298,
              -0.079628902455538,
              0.8083545074634104
            ],
            [
              0.8121465837544536,
              -0.07431219918918529,
              0.5787016705908973
            ]
          ]
        },
        {
          "t": 0.023333333333333334,
          "position": [
            0.0009137595204607983,
            -0.5282546668057854,
            0.03418820720007642
          ],
          "quaternion_wxyz": [
            -0.6150173877522589,
            0.3591236702033504,
            0.28642302527873964,
            0.6408944163060226
          ],
          "rotation_matrix": [
            [
              0.014432395475859623,
              0.9940449956174393,
              0.10801042839499288
            ],
            [
              -0.582599843344794,
              -0.07943092670485753,
              0.8088684382602803
            ],
            [
              0.8126309915905452,
              -0.07460076785144112,
              0.5779840801783414
            ]
          ]
        },
        {
          "t": 0.024,
          "position": [
            0.0009810123899318924,
            -0.5282971374543561,
            0.03439936870175286
          ],
          "quaternion_wxyz": [
            -0.615007542527254,
            0.35936875948604774,
            0.2865728907875602,
            0.6406994580969364
          ],
          "rotation_matrix": [
            [
              0.01476036531989113,
              0.994040686971459,
              0.10800576028272751
            ],
            [
              -0.582099309915581,
              -0.07928340180023145,
              0.8092431869289858
            ],
            [
              0.8129837175549155,
              -0.07481480359918892,
              0.5774601459408834
            ]
          ]
        },
        {
          "t": 0.024666666666666667,
          "position": [
            0.0010878260453982057,
            -0.5283665195497282,
            0.034732828584482095
          ],
          "quaternion_wxyz": [
            -0.6149945747851471,
            0.35974707244867193,
            0.2868030969768151,
            0.640396518115108
          ],
          "rotation_matrix": [
            [
              0.01527256630109226,
              0.9940339177140887,
              0.10799684785157289
            ],
            [
              -0.5813276196903491,
              -0.07905131309842167,
              0.8098204050768045
            ],
            [
              0.8135262425402847,
              -0.07514958632412919,
              0.5766520548568809
            ]
          ]
        },
        {
          "t": 0.025333333333333333,
          "position": [
            0.001164269547623536,
            -0.5284184637712581,
            0.03496980022658346
          ],
          "quaternion_wxyz": [
            -0.614984646427322,
            0.36000661895323727,
            0.2869607764491704,
            0.6401895279901177
          ],
          "rotation_matrix": [
            [
              0.015621762062943483,
              0.9940290188349425,
              0.10799199163552321
            ],
            [
              -0.5807979032310444,
              -0.07889479487643715,
              0.8102156545883432
            ],
            [
              0.8138978782073673,
              -0.07537851848330802,
              0.5760974941777428
            ]
          ]
        },
        {
          "t": 0.026,
          "position": [
            0.0012383604889273832,
            -0.5284724760549694,
            0.035197268865911
          ],
          "quaternion_wxyz": [
            -0.6149731408811984,
            0.36023812252688175,
            0.28709962594603977,
            0.6400080748355172
          ],
          "rotation_matrix": [
            [
              0.015926937853941895,
              0.9940240123964632,
              0.1079934971336213
            ],
            [
              -0.5803270914833265,
              -0.07876368155245077,
              0.8105656971245427
            ],
            [
              0.8142277319884672,
              -0.0755813815753077,
              0.5756045997185513
            ]
          ]
        },
        {
          "t": 0.02666666666666667,
          "position": [
            0.001354396093685793,
            -0.5285622203311545,
            0.03555148683767586
          ],
          "quaternion_wxyz": [
            -0.6149522896854626,
            0.36057671796790663,
            0.2873014944174186,
            0.6397467961433004
          ],
          "rotation_matrix": [
            [
              0.016363776259784413,
              0.9940159740598045,
              0.10800217652332224
            ],
            [
              -0.5796390543653229,
              -0.07858306543198543,
              0.8110753778028111
            ],
            [
              0.8147090238109415,
              -0.07587453548156144,
              0.5748845635286712
            ]
          ]
        },
        {
          "t": 0.027333333333333334,
          "position": [
            0.0014963743302013697,
            -0.5286762586964288,
            0.035983420700460345
          ],
          "quaternion_wxyz": [
            -0.6149244410871734,
            0.36096351780147073,
            0.2875278315445967,
            0.639453686092493
          ],
          "rotation_matrix": [
            [
              0.016853458859953322,
              0.9940055161201169,
              0.10802312178673744
            ],
            [
              -0.5788572859622018,
              -0.07839135568151534,
              0.8116520423426974
            ],
            [
              0.8152546862244412,
              -0.07620911540285616,
              0.5740661698059508
            ]
          ]
        },
        {
          "t": 0.028,
          "position": [
            0.0016355111287328656,
            -0.5287882764132694,
            0.03640688733498302
          ],
          "quaternion_wxyz": [
            -0.6148966657791246,
            0.36134767258454326,
            0.2877547583218959,
            0.6391612855880404
          ],
          "rotation_matrix": [
            [
              0.017340100137084067,
              0.9939953111925254,
              0.10804000299808886
            ],
            [
              -0.5780772624162972,
              -0.07819857895338266,
              0.8122263606428519
            ],
            [
              0.8157977688143663,
              -0.07653955559211136,
              0.573250117160336
            ]
          ]
        },
        {
          "t": 0.028666666666666667,
          "position": [
            0.0017011646859366747,
            -0.5288411675106747,
            0.03660704118174942
          ],
          "quaternion_wxyz": [
            -0.6148845208739282,
            0.3615272593381819,
            0.2878594085479331,
            0.6390242778294866
          ],
          "rotation_matrix": [
            [
              0.017569866509856875,
              0.9939903198907385,
              0.10804880262016009
            ],
            [
              -0.5777142277053124,
              -0.0781079737998851,
              0.8124933326076661
            ],
            [
              0.816049980635784,
              -0.0766967299542563,
              0.5728700033303693
            ]
          ]
        },
        {
          "t": 0.029333333333333333,
          "position": [
            0.0017654686334085679,
            -0.5288912397035828,
            0.03680469562401902
          ],
          "quaternion_wxyz": [
            -0.6148746730835585,
            0.36171965795941297,
            0.2879732897901839,
            0.6388735475925822
          ],
          "rotation_matrix": [
            [
              0.017823949107756937,
              0.9939855272008149,
              0.10805127739568472
            ],
            [
              -0.5773231276661576,
              -0.07800104153534962,
              0.8127815473897927
            ],
            [
              0.8163212070612607,
              -0.0768674783508011,
              0.5724605468249443
            ]
          ]
        },
        {
          "t": 0.03,
          "position": [
            0.0017896451546123345,
            -0.52890946916697,
            0.03687951674394466
          ],
          "quaternion_wxyz": [
            -0.614872333848961,
            0.361795878001329,
            0.28801665372891705,
            0.6388130891764636
          ],
          "rotation_matrix": [
            [
              0.017928488543223316,
              0.9939834662967758,
              0.10805294082309143
            ],
            [
              -0.5771705138400947,
              -0.07795684048359595,
              0.8128941683709852
            ],
            [
              0.8164268290851913,
              -0.07693893516129034,
              0.5723002996707456
            ]
          ]
        },
        {
          "t": 0.030666666666666665,
          "position": [
            0.0018904458715043263,
            -0.5289942087367118,
            0.0371824955578215
          ],
          "quaternion_wxyz": [
            -0.6148487634478391,
            0.3620537742425702,
            0.28815393811062395,
            0.6386277245741153
          ],
          "rotation_matrix": [
            [
              0.018243874713235263,
              0.993973375224093,
              0.1080929709758674
            ],
            [
              -0.5766644918035995,
              -0.07785661207574206,
              0.8132628184327384
            ],
            [
              0.8167773410950669,
              -0.07717044314376051,
              0.5717687450147552
