{
  "metadata": {
    "n_handles": 2,
    "n_steps": 1501,
    "trajectory_direction": "rest_to_deformed",
    "influence_radius": 0.13600000739097595,
    "mesh_type": "tetrahedral",
    "handle_placement_method": "spectral displ.",
    "physics": {
      "w_strain": 5.0,
      "w_bend": 2.0,
      "w_reg": 0.0,
      "lambda_lame": 62.79966735839844,
      "mu_lame": 8.194999694824219
    }
  },
  "handles": [
    {
      "handle_id": 0,
      "handle_vertex_index": 12,
      "grasp_position": [
        0.05228945833333333,
        -0.5,
        -0.02084565277777779
      ],
      "surface_normal": [
        -0.0744349951351445,
        0.9948598767667846,
        0.0686531652497477
      ],
      "n_vertices_in_region": 77,
      "total_displacement": 0.06929637985463019,
      "total_rotation_deg": 97.99888377041074,
      "waypoints": [
        {
          "t": 0.0,
          "position": [
            0.018372549691419965,
            -0.529101536720698,
            0.025834408956491448
          ],
          "quaternion_wxyz": [
            0.643333422791998,
            -0.2934656830342049,
            -0.5054967932131214,
            -0.494442101819061
          ],
          "rotation_matrix": [
            [
              0.0,
              0.9328741828515281,
              -0.360202386112912
            ],
            [
              -0.33949033608731044,
              0.33880980165868924,
              0.877470358472414
            ],
            [
              0.9406095426377413,
              0.12228522912092366,
              0.3167017698641194
            ]
          ]
        },
        {
          "t": 0.0006666666666666666,
          "position": [
            0.018424551197392246,
            -0.5290869732882499,
            0.025999821567061557
          ],
          "quaternion_wxyz": [
            0.643337588106581,
            -0.2935866914419363,
            -0.5056106808639786,
            -0.4942483603752756
          ],
          "rotation_matrix": [
            [
              0.00015279532523080515,
              0.9328182300803428,
              -0.36034723014851505
            ],
            [
              -0.3390559622734404,
              0.33905082574771245,
              0.877545207952848
            ],
            [
              0.9407661936412665,
              0.12204379206512005,
              0.31632938800796584
            ]
          ]
        },
        {
          "t": 0.0013333333333333333,
          "position": [
            0.01843431887709277,
            -0.5290833933520375,
            0.026029791003285997
          ],
          "quaternion_wxyz": [
            0.6433355238966214,
            -0.2936063463219647,
            -0.5056316849880939,
            -0.4942178833553349
          ],
          "rotation_matrix": [
            [
              0.000170565815747477,
              0.9328091850392113,
              -0.36037063588218
            ],
            [
              -0.33898249858665824,
              0.33908799434113274,
              0.8775592274827011
            ],
            [
              0.9407926639579548,
              0.12200965696310213,
              0.316263825070219
            ]
          ]
        },
        {
          "t": 0.002,
          "position": [
            0.018571599930728707,
            -0.5290450244055193,
            0.02647409310123582
          ],
          "quaternion_wxyz": [
            0.6433584041354561,
            -0.2939357132810022,
            -0.5059530280477782,
            -0.4936631378739473
          ],
          "rotation_matrix": [
            [
              0.0006164794274634567,
              0.9326399854942808,
              -0.360807812280563
            ],
            [
              -0.33776932875399357,
              0.33979700552352515,
              0.8777527417130059
            ],
            [
              0.9412287184866646,
              0.12132869605553705,
              0.315226659733632
            ]
          ]
        },
        {
          "t": 0.0026666666666666666,
          "position": [
            0.018705327606955556,
            -0.5290095178115791,
            0.026909132341521088
          ],
          "quaternion_wxyz": [
            0.6433873673895996,
            -0.2942647262805526,
            -0.5062650285406667,
            -0.49310920415992016
          ],
          "rotation_matrix": [
            [
              0.0010780672989747996,
              0.9324723454942337,
              -0.36123975785027396
            ],
            [
              -0.3365685853018317,
              0.3405031672782522,
              0.8779403057473638
            ],
            [
              0.9416583378044705,
              0.12063547552036509,
              0.314207983486589
            ]
          ]
        },
        {
          "t": 0.0033333333333333335,
          "position": [
            0.018811120181157725,
            -0.5289848700086255,
            0.027255379203896337
          ],
          "quaternion_wxyz": [
            0.6434184734411963,
            -0.29453580318392536,
            -0.5065062703558252,
            -0.4926588340501287
          ],
          "rotation_matrix": [
            [
              0.0014773426451971852,
              0.932340052173902,
              -0.361579651755209
            ],
            [
              -0.3356031275494522,
              0.34107186774898235,
              0.878089130899373
            ],
            [
              0.9420023132856892,
              0.12005002346792826,
              0.31340011746515584
            ]
          ]
        },
        {
          "t": 0.004,
          "position": [
            0.018908759068128087,
            -0.528965532670484,
            0.02757599991001529
          ],
          "quaternion_wxyz": [
            0.643454100132025,
            -0.2947969113183053,
            -0.5067205390007657,
            -0.4922356117300401
          ],
          "rotation_matrix": [
            [
              0.001876795799051518,
              0.932221344791626,
              -0.36188374092347203
            ],
            [
              -0.33470274559907515,
              0.34159776724252566,
              0.8782283515679327
            ],
            [
              0.942321892839079,
              0.11947522639391994,
              0.3126581528630158
            ]
          ]
        },
        {
          "t": 0.004666666666666667,
          "position": [
            0.019027144948899812,
            -0.5289457905919757,
            0.02796565361412286
          ],
          "quaternion_wxyz": [
            0.6435067469737349,
            -0.29512733771816063,
            -0.5069680461737496,
            -0.49171365782276527
          ],
          "rotation_matrix": [
            [
              0.0024021577386530582,
              0.9320823723233418,
              -0.36223843091896757
            ],
            [
              -0.3336018532249373,
              0.3422350664825366,
              0.8783990908402307
            ],
            [
              0.9427110019305709,
              0.11873335869017337,
              0.31176650937942074
            ]
          ]
        },
        {
          "t": 0.005333333333333333,
          "position": [
            0.01912632205479276,
            -0.5289297378744551,
            0.028292140495540886
          ],
          "quaternion_wxyz": [
            0.6435527945563818,
            -0.2954076593530345,
            -0.5071726356344626,
            -0.49127388804802735
          ],
          "rotation_matrix": [
            [
              0.002851769171530984,
              0.9319667294494475,
              -0.36253259523005293
            ],
            [
              -0.33267600473004516,
              0.3427685634341117,
              0.8785421946568819
            ],
            [
              0.9430368727082207,
              0.11810049581893685,
              0.3110204649174074
            ]
          ]
        },
        {
          "t": 0.006,
          "position": [
            0.019246571921406923,
            -0.5289090301613913,
            0.028687683653026458
          ],
          "quaternion_wxyz": [
            0.6436096444443217,
            -0.2957482835921421,
            -0.5074200623910238,
            -0.4907386866894083
          ],
          "rotation_matrix": [
            [
              0.003400843338885121,
              0.9318255283315148,
              -0.362890643316445
            ],
            [
              -0.33155107828540514,
              0.3434169882759511,
              0.878714205328227
            ],
            [
              0.9434311404391015,
              0.11732841473927755,
              0.3101156660698842
            ]
          ]
        },
        {
          "t": 0.006666666666666667,
          "position": [
            0.01934988187926671,
            -0.5288895007158266,
            0.029026963703207804
          ],
          "quaternion_wxyz": [
            0.6436578741795866,
            -0.29604166097906226,
            -0.5076316363664042,
            -0.4902795098016439
          ],
          "rotation_matrix": [
            [
              0.0038722480572490276,
              0.9317047596526338,
              -0.3631958790073992
            ],
            [
              -0.3305843084742577,
              0.34397067446547086,
              0.8788618720212639
            ],
            [
              0.943768520710155,
              0.1166636873258367,
              0.30933891344855274
            ]
          ]
        },
        {
          "t": 0.007333333333333333,
          "position": [
            0.01941170096124303,
            -0.5288786351623198,
            0.029229988480157856
          ],
          "quaternion_wxyz": [
            0.6436878058121321,
            -0.29622097160924726,
            -0.5077552625526334,
            -0.4900038142481576
          ],
          "rotation_matrix": [
            [
              0.004161710744722384,
              0.9316344744883458,
              -0.36337292978543007
            ],
            [
              -0.330003445639491,
              0.34429879600089536,
              0.878951685209574
            ],
            [
              0.9439705535807751,
              0.11625637620888012,
              0.30887545865706406
            ]
          ]
        },
        {
          "t": 0.008,
          "position": [
            0.019550406820454197,
            -0.5288616507270023,
            0.029686674270113872
          ],
          "quaternion_wxyz": [
            0.6437615363348873,
            -0.2966395377584533,
            -0.508018782037958,
            -0.48938020604726784
          ],
          "rotation_matrix": [
            [
              0.004847862051601989,
              0.931485219942754,
              -0.36374686700241865
            ],
            [
              -0.32869139324068863,
              0.3450239971338009,
              0.879158921586796
            ],
            [
              0.9444249394424512,
              0.11529842332867246,
              0.30784380346934953
            ]
          ]
        },
        {
          "t": 0.008666666666666666,
          "position": [
            0.019682688517017242,
            -0.5288483943080633,
            0.030122699274537517
          ],
          "quaternion_wxyz": [
            0.6438344896787449,
            -0.29704437052175836,
            -0.5082640168768486,
            -0.48878367504413733
          ],
          "rotation_matrix": [
            [
              0.005516416317109623,
              0.9313455058710794,
              -0.36409492970530033
            ],
            [
              -0.32743764606624803,
              0.3457103219019872,
              0.8793571295346178
            ],
            [
              0.944856686004531,
              0.11436748670942819,
              0.3068646621781959
            ]
          ]
        },
        {
          "t": 0.009333333333333334,
          "position": [
            0.01976953868461718,
            -0.5288419357788359,
            0.030409482054418954
          ],
          "quaternion_wxyz": [
            0.6438842433908494,
            -0.2973123668190903,
            -0.508421498978882,
            -0.4883912540427917
          ],
          "rotation_matrix": [
            [
              0.005963124701145774,
              0.9312548645786495,
              -0.3643196650398509
            ],
            [
              -0.3266148677695095,
              0.34615867902050623,
              0.8794867236547833
            ],
            [
              0.9451387037327165,
              0.11374773021666772,
              0.30622587182410704
            ]
          ]
        },
        {
          "t": 0.01,
          "position": [
            0.01987779074057111,
            -0.5288353241091103,
            0.030767403781652696
          ],
          "quaternion_wxyz": [
            0.6439509756288119,
            -0.2976472908565168,
            -0.5086154579683251,
            -0.48789706614013223
          ],
          "rotation_matrix": [
            [
              0.006533537535038193,
              0.9311396097950888,
              -0.36460436084923376
            ],
            [
              -0.3255875571903598,
              0.3467250861938795,
              0.8796445061506377
            ],
            [
              0.9454893206630882,
              0.11296345279142923,
              0.3054328123220087
            ]
          ]
        },
        {
          "t": 0.010666666666666666,
          "position": [
            0.019947506407539436,
            -0.5288286259292597,
            0.030997602405592573
          ],
          "quaternion_wxyz": [
            0.6439953543571603,
            -0.29785887283435125,
            -0.5087376593806838,
            -0.4875818591458346
          ],
          "rotation_matrix": [
            [
              0.00689984911950218,
              0.9310649558968285,
              -0.36478821249502397
            ],
            [
              -0.3249368527341079,
              0.3470880450101051,
              0.8797419682728862
            ],
            [
              0.945710544413689,
              0.11246304683745756,
              0.30493217160254216
            ]
          ]
        },
        {
          "t": 0.011333333333333334,
          "position": [
            0.020016254956787105,
            -0.528819969917103,
            0.03122437029933366
          ],
          "quaternion_wxyz": [
            0.6440410264485186,
            -0.2980650994240496,
            -0.5088595473570049,
            -0.48726821548310945
          ],
          "rotation_matrix": [
            [
              0.007263294487052371,
              0.9309879864589499,
              -0.3649775522065068
            ],
            [
              -0.3242949001589265,
              0.34745376536909606,
              0.8798344723049233
            ],
            [
              0.9459281485831573,
              0.11196986198084766,
              0.30443831513702857
            ]
          ]
        },
        {
          "t": 0.012,
          "position": [
            0.02009697652976433,
            -0.5288156171480656,
            0.03149167714034439
          ],
          "quaternion_wxyz": [
            0.6440968667916099,
            -0.29831272180761975,
            -0.509007642914765,
            -0.48688804221434284
          ],
          "rotation_matrix": [
            [
              0.007702507606070704,
              0.9308930356909934,
              -0.36521066177062006
            ],
            [
              -0.32351921417920254,
              0.3478991087114471,
              0.8799440483399963
            ],
            [
              0.9461902501248374,
              0.11137489058064216,
              0.3038414789232892
            ]
          ]
        },
        {
          "t": 0.012666666666666666,
          "position": [
            0.02016170820134801,
            -0.5288144136115875,
            0.031706511829621066
          ],
          "quaternion_wxyz": [
            0.6441422336780271,
            -0.29851451121620803,
            -0.5091299890494899,
            -0.4865763286845104
          ],
          "rotation_matrix": [
            [
              0.008060261228730953,
              0.930814106076938,
              -0.3654040669032906
            ],
            [
              -0.3228833467737985,
              0.3482651259131216,
              0.880032809867448
            ],
            [
              0.9464044466098668,
              0.11088959370910563,
              0.30335148168675036
            ]
          ]
        },
        {
          "t": 0.013333333333333334,
          "position": [
            0.02028889121283939,
            -0.5288161395928885,
            0.032129385876713684
          ],
          "quaternion_wxyz": [
            0.6442321220746705,
            -0.29891841104619654,
            -0.5093777241451709,
            -0.4859496790506916
          ],
          "rotation_matrix": [
            [
              0.008774487150422651,
              0.9306535457565756,
              -0.36579637250567604
            ],
            [
              -0.3216040260647146,
              0.34900138593490865,
              0.8802095676762455
            ],
            [
              0.9468335961466866,
              0.1099181985764392,
              0.3023642353637305
            ]
          ]
        },
        {
          "t": 0.014,
          "position": [
            0.02036993383882135,
            -0.5288203111031866,
            0.032399460470009335
          ],
          "quaternion_wxyz": [
            0.6442886029292915,
            -0.29917771946429594,
            -0.5095347616729817,
            -0.48555042473302673
          ],
          "rotation_matrix": [
            [
              0.009230223376860596,
              0.9305521055724513,
              -0.36604314197023535
            ],
            [
              -0.3207863136353748,
              0.3494669544340539,
              0.8803232296930115
            ],
            [
              0.9471066169964673,
              0.10929605009023596,
              0.30173403764512713
            ]
          ]
        },
        {
          "t": 0.014666666666666666,
          "position": [
            0.020425934382341457,
            -0.5288236279992248,
            0.03258638087700714
          ],
          "quaternion_wxyz": [
            0.6443277011868672,
            -0.29935594952905004,
            -0.509643883176004,
            -0.48527408884679984
          ],
          "rotation_matrix": [
            [
              0.009544342070373527,
              0.9304809333603771,
              -0.36621597204326867
            ],
            [
              -0.32022121908442647,
              0.34979014834954997,
              0.88040060367994
            ],
            [
              0.9472947146376256,
              0.10886728049539893,
              0.30129825564481566
            ]
          ]
        },
        {
          "t": 0.015333333333333332,
          "position": [
            0.020444692096262127,
            -0.528827190298579,
            0.03264951994910756
          ],
          "quaternion_wxyz": [
            0.6443399374296898,
            -0.2994161540772631,
            -0.5096784175435255,
            -0.4851844210205142
          ],
          "rotation_matrix": [
            [
              0.009647976578621778,
              0.9304593021548796,
              -0.36626821261712444
            ],
            [
              -0.32003549576995755,
              0.3498920885517495,
              0.8804276278096289
            ],
            [
              0.9473564260578318,
              0.10872448387741857,
              0.30115575473494394
            ]
          ]
        },
        {
          "t": 0.016,
          "position": [
            0.02055516968403462,
            -0.5288497252993383,
            0.0330196747394019
          ],
          "quaternion_wxyz": [
            0.6444128516534123,
            -0.2997852794860257,
            -0.5098834912185103,
            -0.4846438777187082
          ],
          "rotation_matrix": [
            [
              0.010278274345183424,
              0.9303326163909709,
              -0.3665727485069854
            ],
            [
              -0.31891035671331486,
              0.3504981959851276,
              0.880594798409843
            ],
            [
              0.9477291498394059,
              0.10785285106274525,
              0.3002952231717475
            ]
          ]
        },
        {
          "t": 0.016666666666666666,
          "position": [
            0.020657108558731426,
            -0.5288713353887585,
            0.03336102290902792
          ],
          "quaternion_wxyz": [
            0.6444798073703228,
            -0.30013027171968565,
            -0.5100717495871602,
            -0.4841429625249888
          ],
          "rotation_matrix": [
            [
              0.010864804221230073,
              0.9302166720521713,
              -0.3668499680492934
            ],
            [
              -0.31786478085500297,
              0.3510548236685968,
              0.8807510952961242
            ],
            [
              0.9480738036245315,
              0.10703949648262757,
              0.29949726054025433
            ]
          ]
        },
        {
          "t": 0.017333333333333333,
          "position": [
            0.02070964765988529,
            -0.5288810587218938,
            0.03353685643505944
          ],
          "quaternion_wxyz": [
            0.6445150354697222,
            -0.30031054142418195,
            -0.5101705947068333,
            -0.48388005958031927
          ],
          "rotation_matrix": [
            [
              0.011172104474033143,
              0.930155162553521,
              -0.3669966725312423
            ],
            [
              -0.3173167324964487,
              0.35134733329872786,
              0.880832074039064
            ],
            [
              0.9482538032390113,
              0.1066134370094401,
              0.29907908601111494
            ]
          ]
        },
        {
          "t": 0.018,
          "position": [
            0.020770485988881544,
            -0.5288912669559124,
            0.033740459184097946
          ],
          "quaternion_wxyz": [
            0.6445549021843899,
            -0.30052593555937174,
            -0.5102866175357574,
            -0.4835707891200122
          ],
          "rotation_matrix": [
            [
              0.011533719747516127,
              0.9300845716339841,
              -0.3671643540835121
            ],
            [
              -0.31666711908389333,
              0.3516869079306299,
              0.8809303346324314
            ],
            [
              0.9484666093214578,
              0.1061084746411894,
              0.29858346003929453
            ]
          ]
        },
        {
          "t": 0.018666666666666668,
          "position": [
            0.020823996532602834,
            -0.5289040542550983,
            0.03392084754053534
          ],
          "quaternion_wxyz": [
            0.6445881865350815,
            -0.3007178211148615,
            -0.5103857538355444,
            -0.4833024354636214
          ],
          "rotation_matrix": [
            [
              0.011850276313297037,
              0.9300262644862571,
              -0.3673019443310716
            ],
            [
              -0.31609789720364617,
              0.35197509587632714,
              0.8810196656491776
            ],
            [
              0.9486525656596209,
              0.10566304576647244,
              0.2981503486904426
            ]
          ]
        },
        {
          "t": 0.019333333333333334,
          "position": [
            0.02091480483586822,
            -0.5289380908262457,
            0.03422999657058361
          ],
          "quaternion_wxyz": [
            0.6446403705151854,
            -0.30103899025939496,
            -0.5105422233141155,
            -0.4828674323860827
          ],
          "rotation_matrix": [
            [
              0.012371361908690362,
              0.9299379118250042,
              -0.3675084074513443
            ],
            [
              -0.31516545026328646,
              0.35242913816755195,
              0.8811721974308528
            ],
            [
              0.9489561045500009,
              0.10492465255165496,
              0.29744432911330665
            ]
          ]
        },
        {
          "t": 0.02,
          "position": [
            0.021008902248277866,
            -0.5289773644598894,
            0.03455100350771998
          ],
          "quaternion_wxyz": [
            0.6446925196128478,
            -0.30137105540319087,
            -0.5106998370719276,
            -0.48242379557305365
          ],
          "rotation_matrix": [
            [
              0.012905915759176587,
              0.9298503223598865,
              -0.3677115926075487
            ],
            [
              -0.31420972679282333,
              0.35288553685870955,
              0.881330837687538
            ],
            [
              0.9492658663014506,
              0.10416417750461364,
              0.2967223267588883
            ]
          ]
        },
        {
          "t": 0.020666666666666667,
          "position": [
            0.021085776679391387,
            -0.5290143714718183,
            0.034813907396981814
          ],
          "quaternion_wxyz": [
            0.6447331641721974,
            -0.30163765896752953,
            -0.5108232067142187,
            -0.4820721120240182
          ],
          "rotation_matrix": [
            [
              0.013332260581796181,
              0.9297827887242723,
              -0.3678671181449119
            ],
            [
              -0.31344872384937433,
              0.35324240300117915,
              0.8814588488599154
            ],
            [
              0.949511531442786,
              0.10355563966354096,
              0.29614874834872545
            ]
          ]
        },
        {
          "t": 0.021333333333333333,
          "position": [
            0.0211648217509837,
            -0.529055260680831,
            0.03508541555134183
          ],
          "quaternion_wxyz": [
            0.6447755222822004,
            -0.3019094080683369,
            -0.5109475893352247,
            -0.48171339626178655
          ],
          "rotation_matrix": [
            [
              0.013769529628900299,
              0.9297137818266421,
              -0.3680253848958662
            ],
            [
              -0.3126742448294328,
              0.35360582636211885,
              0.8815881896766773
            ],
            [
              0.9497606101918469,
              0.10293300460213663,
              0.29556654054384346
            ]
          ]
        },
        {
          "t": 0.022,
          "position": [
            0.021244967635821562,
            -0.5291010164685208,
            0.035360933591489944
          ],
          "quaternion_wxyz": [
            0.6448159825285749,
            -0.30217684531092115,
            -0.5110696773334883,
            -0.4813619093196848
          ],
          "rotation_matrix": [
            [
              0.014196994332688048,
              0.9296465506773218,
              -0.36817894583751465
            ],
            [
              -0.31191285935786284,
              0.3539597328266888,
              0.8817158701638257
            ],
            [
              0.9500046386818145,
              0.10232203253978797,
              0.2949938781355144
            ]
          ]
        },
        {
          "t": 0.02266666666666667,
          "position": [
            0.021321244719731673,
            -0.529143079988635,
            0.03562482164687759
          ],
          "quaternion_wxyz": [
            0.6448583144185895,
            -0.30243549627969324,
            -0.5111889516765302,
            -0.48101598788306543
          ],
          "rotation_matrix": [
            [
              0.01461895016944157,
              0.9295776868916157,
              -0.3683362734262349
            ],
            [
              -0.31117094972302245,
              0.3543127799804616,
              0.8818362058711803
            ],
            [
              0.9502415094818062,
              0.10172402846824209,
              0.2944372525469602
            ]
          ]
        },
        {
          "t": 0.023333333333333334,
          "position": [
            0.021401913403141522,
            -0.5291885138672289,
            0.035905160592313926
          ],
          "quaternion_wxyz": [
            0.6449046527788027,
            -0.3027065104319129,
            -0.5113151912712889,
            -0.4806490742127683
          ],
          "rotation_matrix": [
            [
              0.015066485267212036,
              0.9295025231847013,
              -0.36850788377905397
            ],
            [
              -0.3103887740658265,
              0.35469047199967735,
              0.8819600206363359
            ],
            [
              0.9504902997682048,
              0.1010926726225869,
              0.2938510874338294
            ]
          ]
        },
        {
          "t": 0.024,
          "position": [
            0.021462549267072865,
            -0.5292243766713696,
            0.036115952044934375
          ],
          "quaternion_wxyz": [
            0.6449388104755693,
            -0.3029053694500389,
            -0.5114078501226336,
            -0.4803793071455504
          ],
          "rotation_matrix": [
            [
              0.015395464198597483,
              0.9294468854134603,
              -0.3686345980366974
            ],
            [
              -0.309814150292632,
              0.3549681168479833,
              0.8820503547383995
            ],
            [
              0.9506724840650479,
              0.10062864010147222,
              0.2934206959817143
            ]
          ]
        },
        {
          "t": 0.024666666666666667,
          "position": [
            0.02155828549590736,
            -0.5292835909189942,
            0.036449136400314316
          ],
          "quaternion_wxyz": [
            0.6449927949384626,
            -0.30321321104553794,
            -0.5115502499359538,
            -0.4799608160208371
          ],
          "rotation_matrix": [
            [
              0.015907913750133618,
              0.9293601241572149,
              -0.3688315305108216
            ],
            [
              -0.3089249485836608,
              0.3553987274627211,
              0.8821888236963462
            ],
            [
              0.9509533713177242,
              0.09990747788039755,
              0.2927561808749882
            ]
          ]
        },
        {
          "t": 0.025333333333333333,
          "position": [
            0.021626693350146428,
            -0.5293286475862435,
            0.03668596211813113
          ],
          "quaternion_wxyz": [
            0.6450274643683281,
            -0.30342584844953346,
            -0.5116475984800174,
            -0.4796759944721821
          ],
          "rotation_matrix": [
            [
              0.01625535059349025,
              0.9293025942137354,
              -0.36896131498715934
            ],
            [
              -0.3083141675132322,
              0.35568738963819474,
              0.8822861525362783
            ],
            [
              0.9511456974015863,
              0.09941412994159722,
              0.2922989789237783
            ]
          ]
        },
        {
          "t": 0.026,
          "position": [
            0.021693073412786045,
            -0.5293768100111321,
            0.036913021653442235
          ],
          "quaternion_wxyz": [
            0.6450531381812548,
            -0.3036208216241155,
            -0.51173501512111,
            -0.47942478022919244
          ],
          "rotation_matrix": [
            [
              0.01655830880235782,
              0.9292557295035084,
              -0.3690658634808414
            ],
            [
              -0.3077621065272652,
              0.35593255355556164,
              0.8823800219290984
            ],
            [
              0.9513192462014796,
              0.09897376670803688,
              0.2918833419497451
            ]
          ]
        },
        {
          "t": 0.02666666666666667,
          "position": [
            0.021797348432616596,
            -0.5294585959105379,
            0.03726631117102673
          ],
          "quaternion_wxyz": [
            0.6450825418471583,
            -0.3039142404539327,
            -0.5118643311972741,
            -0.47906111833594456
          ],
          "rotation_matrix": [
            [
              0.01699070269334522,
              0.9291936466914555,
              -0.3692024958780358
            ],
            [
              -0.306942208969696,
              0.35627315869463155,
              0.8825281393478789
            ],
            [
              0.951576479518401,
              0.09832905640776088,
              0.2912620817937114
            ]
          ]
        },
        {
          "t": 0.027333333333333334,
          "position": [
            0.021925355109434243,
            -0.5295637898248275,
            0.03769588487710121
          ],
          "quaternion_wxyz": [
            0.6451051726067639,
            -0.3042607156562582,
            -0.5120176854265174,
            -0.4786466577704381
          ],
          "rotation_matrix": [
            [
              0.017470533631303076,
              0.9291286043466734,
              -0.36934376538908875
            ],
            [
              -0.30598113476390226,
              0.3566455878256448,
              0.8827114306767345
            ],
            [
              0.9518772639479712,
              0.09759078471535505,
              0.29052661343678793
            ]
          ]
        },
        {
          "t": 0.028,
          "position": [
            0.022050798651465194,
            -0.5296673719914496,
            0.03811769993590309
          ],
          "quaternion_wxyz": [
            0.6451293366017311,
            -0.30460247687527675,
            -0.512167358975681,
            -0.47823641280974494
          ],
          "rotation_matrix": [
            [
              0.017949059725466714,
              0.9290635717031166,
              -0.36948438530142125
            ],
            [
              -0.30503378723183294,
              0.35701452908720926,
              0.8828901486945661
            ],
            [
              0.9521723687966479,
              0.09685817336157644,
              0.28980385496180777
            ]
          ]
        },
        {
          "t": 0.028666666666666667,
          "position": [
            0.022109991347867584,
            -0.5297164019785271,
            0.03831694764060185
          ],
          "quaternion_wxyz": [
            0.6451408830390805,
            -0.30476431369223206,
            -0.5122381576518424,
            -0.4780418642511391
          ],
          "rotation_matrix": [
            [
              0.018176091737463547,
              0.9290325219890396,
              -0.36955135335726425
            ],
            [
              -0.30458487973745363,
              0.35718937824457747,
              0.8829744045547644
            ],
            [
              0.9523117560559227,
              0.09651073074011907,
              0.28946156588946226
            ]
          ]
        },
        {
          "t": 0.029333333333333333,
          "position": [
            0.022167816748623125,
            -0.5297625890110607,
            0.03851458491676763
          ],
          "quaternion_wxyz": [
            0.6451593529349039,
            -0.3049323391208674,
            -0.5123110959520927,
            -0.47783157999786724
          ],
          "rotation_matrix": [
            [
              0.018428644242195397,
              0.9289954676153768,
              -0.36963198754143634
            ],
            [
              -0.30411458423375215,
              0.35738649942861633,
              0.8830567420481873
            ],
            [
              0.9524571931197593,
              0.0961369396657846,
              0.2891072190444494
            ]
          ]
        },
        {
          "t": 0.03,
          "position": [
            0.022189495443751463,
            -0.5297794298245175,
            0.038589578444545324
          ],
          "quaternion_wxyz": [
            0.6451683591024143,
            -0.30499868211538883,
            -0.5123389820443439,
            -0.4777471714188786
          ],
          "rotation_matrix": [
            [
              0.01853281535803166,
              0.9289801459363153,
              -0.36966528536420457
            ],
            [
              -0.3039292886602188,
              0.3574668882168531,
              0.8830879974936361
            ],
            [
              0.9525143160327002,
              0.09598600042067908,
              0.28896914277044855
            ]
          ]
        },
        {
          "t": 0.030666666666666665,
          "position": [
            0.022280674996198405,
            -0.5298596409330281,
            0.038891207035158984
          ],
          "quaternion_wxyz": [
            0.6451714757582727,
            -0.3052329707174128,
            -0.5124350167062303,
            -0.4774902659826701
          ],
          "rotation_matrix": [
            [
              0.018826799090148467,
              0.9289503240225491,
              -0.36972536716700005
            ],
            [
              -0.30330207423043276,
              0.3576717589562232,
              0.8832206771848946
            ],
            [
              0.952708456665197,
              0.09551025251573762,
              0.28848637447978404
            ]
          ]
