{
  "metadata": {
    "n_handles": 2,
    "n_steps": 1501,
    "trajectory_direction": "rest_to_deformed",
    "influence_radius": 0.13600000739097595,
    "mesh_type": "tetrahedral",
    "handle_placement_method": "curvature chng.",
    "physics": {
      "w_strain": 5.0,
      "w_bend": 2.0,
      "w_reg": 0.0,
      "lambda_lame": 62.79966735839844,
      "mu_lame": 8.194999694824219
    }
  },
  "handles": [
    {
      "handle_id": 0,
      "handle_vertex_index": 29,
      "grasp_position": [
        0.008382180555555572,
        0.003893888888888913,
        -0.046413520833333326
      ],
      "surface_normal": [
        0.753738114509066,
        0.012616744557547774,
        0.657053782040015
      ],
      "n_vertices_in_region": 110,
      "total_displacement": 0.08620487954762493,
      "total_rotation_deg": 88.39458971327018,
      "waypoints": [
        {
          "t": 0.0,
          "position": [
            0.008590124445706797,
            -0.08765182685932689,
            -0.09653368645464933
          ],
          "quaternion_wxyz": [
            -0.69532215821581,
            0.12855775470042866,
            0.03802192718928997,
            0.7060838003051088
          ],
          "rotation_matrix": [
            [
              0.0,
              0.9916874509939841,
              0.12867011904931366
            ],
            [
              -0.9721353966401116,
              -0.030162858692782804,
              0.23247144459650204
            ],
            [
              0.23442007294034362,
              -0.12508477721773492,
              0.9640544735170024
            ]
          ]
        },
        {
          "t": 0.0006666666666666666,
          "position": [
            0.008574908266152089,
            -0.08767428733606061,
            -0.09650319734046132
          ],
          "quaternion_wxyz": [
            -0.6953493395741642,
            0.12866336214828455,
            0.03808735527297959,
            0.7060342686886969
          ],
          "rotation_matrix": [
            [
              0.00012992961203831872,
              0.9916818192659114,
              0.1287134509321356
            ],
            [
              -0.9720800305283607,
              -0.030077298643109367,
              0.23271392384695602
            ],
            [
              0.23464952027281094,
              -0.12515001174136234,
              0.9639901852166278
            ]
          ]
        },
        {
          "t": 0.0013333333333333333,
          "position": [
            0.008571994774622,
            -0.08767895925800182,
            -0.0964977988392731
          ],
          "quaternion_wxyz": [
            -0.6953577590105348,
            0.12868219019953167,
            0.03810005773009327,
            0.7060218597963255
          ],
          "rotation_matrix": [
            [
              0.00016303818238746703,
              0.9916811542292887,
              0.1287185369716717
            ],
            [
              -0.9720699587290211,
              -0.03005194516856308,
              0.23275926603698716
            ],
            [
              0.2346912200170539,
              -0.12516137156938117,
              0.9639785590514398
            ]
          ]
        },
        {
          "t": 0.002,
          "position": [
            0.008532256989026222,
            -0.08773756702065795,
            -0.09641609633997708
          ],
          "quaternion_wxyz": [
            -0.6954103388848744,
            0.12897549363528804,
            0.03826121866761811,
            0.7059078280906275
          ],
          "rotation_matrix": [
            [
              0.0004604347738681875,
              0.9916607230350339,
              0.1288751270981469
            ],
            [
              -0.97192168477754,
              -0.029881079435128174,
              0.23339957101269992
            ],
            [
              0.23530411525723685,
              -0.12536399593385048,
              0.963802802373815
            ]
          ]
        },
        {
          "t": 0.0026666666666666666,
          "position": [
            0.008493858027205804,
            -0.08779363900939492,
            -0.0963358712275785
          ],
          "quaternion_wxyz": [
            -0.6954547018739221,
            0.12926202377463794,
            0.03841729578601509,
            0.7058032291195819
          ],
          "rotation_matrix": [
            [
              0.0007318262987059465,
              0.9916401433780877,
              0.1290321295897463
            ],
            [
              -0.9717765537745721,
              -0.029733738050830467,
              0.23402186725490653
            ],
            [
              0.2359020855403117,
              -0.1255616615758471,
              0.9636308811869597
            ]
          ]
        },
        {
          "t": 0.0033333333333333335,
          "position": [
            0.0084635681017159,
            -0.08783634996228358,
            -0.09627149143017567
          ],
          "quaternion_wxyz": [
            -0.6954823891710618,
            0.12948682028699107,
            0.038542456767019,
            0.7057279141080071
          ],
          "rotation_matrix": [
            [
              0.0009251805512321573,
              0.9916241519602824,
              0.12915372733726907
            ],
            [
              -0.9716611912705224,
              -0.029637450757490618,
              0.23451258151595497
            ],
            [
              0.23637612700456767,
              -0.12571063104099695,
              0.9634952847952645
            ]
          ]
        },
        {
          "t": 0.004,
          "position": [
            0.008435618789695062,
            -0.08787419861519662,
            -0.09621138177289928
          ],
          "quaternion_wxyz": [
            -0.695503228011624,
            0.12969005347832366,
            0.038661045502528586,
            0.705663569567575
          ],
          "rotation_matrix": [
            [
              0.0010885002925835037,
              0.9916104871639778,
              0.12925732825895445
            ],
            [
              -0.9715546749304551,
              -0.029561166771067363,
              0.23496308441506686
            ],
            [
              0.2368128560401093,
              -0.12583631892513977,
              0.9633716271774926
            ]
          ]
        },
        {
          "t": 0.004666666666666667,
          "position": [
            0.00840176825805009,
            -0.08791840647515338,
            -0.09613797667127291
          ],
          "quaternion_wxyz": [
            -0.6955231347232946,
            0.1299284644698294,
            0.03880808063824293,
            0.7055920181396396
          ],
          "rotation_matrix": [
            [
              0.0012676736305962614,
              0.9915956932347012,
              0.12936913912162512
            ],
            [
              -0.9714265959307892,
              -0.029483003882657722,
              0.23550184967066737
            ],
            [
              0.23733681071394874,
              -0.12597116192020122,
              0.9632250539939864
            ]
          ]
        },
        {
          "t": 0.005333333333333333,
          "position": [
            0.00837355407639258,
            -0.08795509947989218,
            -0.09607648525318306
          ],
          "quaternion_wxyz": [
            -0.6955383106138295,
            0.1301270952411603,
            0.0389310209429102,
            0.7055336796786534
          ],
          "rotation_matrix": [
            [
              0.001413204895867786,
              0.9915833686274151,
              0.1294620635883061
            ],
            [
              -0.9713194459486011,
              -0.029421668152548992,
              0.23595105289689863
            ],
            [
              0.23777412973662304,
              -0.1260824670590953,
              0.9631026293834919
            ]
          ]
        },
        {
          "t": 0.006,
          "position": [
            0.008339537730320588,
            -0.08800004271258673,
            -0.09600243629896107
          ],
          "quaternion_wxyz": [
            -0.6955561650085126,
            0.13036632859571778,
            0.039077360508110955,
            0.7054638201799179
          ],
          "rotation_matrix": [
            [
              0.0015875166267355593,
              0.9915681626720732,
              0.12957645836030923
            ],
            [
              -0.9711906745909387,
              -0.02934916242768369,
              0.23648953518141222
            ],
            [
              0.23829845441491895,
              -0.12621887907520302,
              0.9629551605269955
            ]
          ]
        },
        {
          "t": 0.006666666666666667,
          "position": [
            0.008310697676644453,
            -0.08803930380671035,
            -0.09593939598394069
          ],
          "quaternion_wxyz": [
            -0.6955716979681545,
            0.13056877774876982,
            0.0391983622938605,
            0.705404349048381
          ],
          "rotation_matrix": [
            [
              0.0017363854752031544,
              0.9915547661499,
              0.12967702451093593
            ],
            [
              -0.971082437133529,
              -0.029287002757298636,
              0.23694128335566125
            ],
            [
              0.2387381101840838,
              -0.12633850240519884,
              0.9628305653399539
            ]
          ]
        },
        {
          "t": 0.007333333333333333,
          "position": [
            0.008293323991418217,
            -0.08806249636673578,
            -0.09590158468273284
          ],
          "quaternion_wxyz": [
            -0.6955802418244313,
            0.13068630646432264,
            0.039270786295657036,
            0.7053701310871474
          ],
          "rotation_matrix": [
            [
              0.0018215670286270695,
              0.9915473607380841,
              0.12973246818746248
            ],
            [
              -0.9710187446878484,
              -0.029251865053315864,
              0.23720650466137386
            ],
            [
              0.23899640030003946,
              -0.12640474595251303,
              0.9627577892914789
            ]
          ]
        },
        {
          "t": 0.008,
          "position": [
            0.008253370809826367,
            -0.08811173061126971,
            -0.09581520667931065
          ],
          "quaternion_wxyz": [
            -0.6955954128731952,
            0.13093912130087865,
            0.03944276461749663,
            0.7052986859636501
          ],
          "rotation_matrix": [
            [
              0.0019960637955384734,
              0.9915342632025674,
              0.12982996811128447
            ],
            [
              -0.9708758594412795,
              -0.029182579817138923,
              0.23779916439572057
            ],
            [
              0.23957479266705772,
              -0.12652344417393666,
              0.9625984296631765
            ]
          ]
        },
        {
          "t": 0.008666666666666666,
          "position": [
            0.008214871765177484,
            -0.0881576034681469,
            -0.09573219247982778
          ],
          "quaternion_wxyz": [
            -0.6956084024039797,
            0.13117603884346526,
            0.0396110771113502,
            0.7052324155258317
          ],
          "rotation_matrix": [
            [
              0.0021564053243429333,
              0.9915232361519944,
              0.12991159333125057
            ],
            [
              -0.9707391393943164,
              -0.02911982614906655,
              0.2383643408124612
            ],
            [
              0.24012678559886086,
              -0.12662427844138385,
              0.9624476188054445
            ]
          ]
        },
        {
          "t": 0.009333333333333334,
          "position": [
            0.008189400609707293,
            -0.08818687752363627,
            -0.0956772052480512
          ],
          "quaternion_wxyz": [
            -0.695615859586089,
            0.1313297490298321,
            0.03972532908781563,
            0.7051900248450291
          ],
          "rotation_matrix": [
            [
              0.0022578541768486205,
              0.9915169656042487,
              0.12995772008068537
            ],
            [
              -0.9706484956088095,
              -0.02908094824128578,
              0.23873792413370645
            ],
            [
              0.24049199584363087,
              -0.126682300908245,
              0.9623487904958641
            ]
          ]
        },
        {
          "t": 0.01,
          "position": [
            0.008157053682667387,
            -0.08822303957332867,
            -0.09560864185787407
          ],
          "quaternion_wxyz": [
            -0.6956236408201973,
            0.131518928790743,
            0.039872092139103546,
            0.7051388075905617
          ],
          "rotation_matrix": [
            [
              0.0023789565974073803,
              0.9915103189306472,
              0.1300062614440717
            ],
            [
              -0.9705345795450072,
              -0.029035933199950903,
              0.23920607117824944
            ],
            [
              0.2409501410476589,
              -0.12674463315000936,
              0.9622259752749849
            ]
          ]
        },
        {
          "t": 0.010666666666666666,
          "position": [
            0.008136657541878195,
            -0.08824765792325996,
            -0.09556538707344486
          ],
          "quaternion_wxyz": [
            -0.6956299248608899,
            0.1316331871156153,
            0.03996247301825153,
            0.7051061710395702
          ],
          "rotation_matrix": [
            [
              0.0024565766253482352,
              0.9915066809328077,
              0.13003256089149975
            ],
            [
              -0.9704651301806335,
              -0.029004016775539942,
              0.23949154079486687
            ],
            [
              0.2412289293031673,
              -0.1267803954543753,
              0.962151409598714
            ]
          ]
        },
        {
          "t": 0.011333333333333334,
          "position": [
            0.00811640921535112,
            -0.08827296324287634,
            -0.09552347295630974
          ],
          "quaternion_wxyz": [
            -0.6956361729465826,
            0.13174254124954834,
            0.0400488022778861,
            0.7050746848025746
          ],
          "rotation_matrix": [
            [
              0.002531564574298141,
              0.991503172724908,
              0.13005787039759406
            ],
            [
              -0.9703986487820336,
              -0.02897281664762147,
              0.23976454770344222
            ],
            [
              0.24149545258822733,
              -0.12681496113243226,
              0.9620799925210481
            ]
          ]
        },
        {
          "t": 0.012,
          "position": [
            0.008091024865552023,
            -0.08830014599771178,
            -0.09547291272561971
          ],
          "quaternion_wxyz": [
            -0.6956394328289344,
            0.13188587767629176,
            0.040164024749400846,
            0.7050381166142169
          ],
          "rotation_matrix": [
            [
              0.0026162104749989177,
              0.9914987664363294,
              0.13008978281593941
            ],
            [
              -0.9703104958174648,
              -0.028945261217679864,
              0.24012437101934558
            ],
            [
              0.24184850040304245,
              -0.12685569755968334,
              0.9619859327695802
            ]
          ]
        },
        {
          "t": 0.012666666666666666,
          "position": [
            0.008070029435257803,
            -0.08832075148330577,
            -0.09543161779716057
          ],
          "quaternion_wxyz": [
            -0.695640243479227,
            0.13200694130559096,
            0.04026087144275848,
            0.7050091356358255
          ],
          "rotation_matrix": [
            [
              0.002682361802375804,
              0.9914948825220499,
              0.13011803434904373
            ],
            [
              -0.9702360245497087,
              -0.02892742776460682,
              0.24042724593279985
            ],
            [
              0.24214636400144993,
              -0.12689011722977858,
              0.961906459354237
            ]
          ]
        },
        {
          "t": 0.013333333333333334,
          "position": [
            0.008027708054851316,
            -0.08835884105785223,
            -0.09534881293563253
          ],
          "quaternion_wxyz": [
            -0.6956389731578976,
            0.13225664200817341,
            0.04045844654191522,
            0.7049522776557026
          ],
          "rotation_matrix": [
            [
              0.002810800663888038,
              0.9914863536660373,
              0.13018029762127853
            ],
            [
              -0.9700827605455179,
              -0.028899066253425903,
              0.2410482973596757
            ],
            [
              0.24275818645310562,
              -0.12696320119933385,
              0.9617425894948871
            ]
          ]
        },
        {
          "t": 0.014,
          "position": [
            0.008000522034077915,
            -0.08838172952346253,
            -0.09529521257402691
          ],
          "quaternion_wxyz": [
            -0.6956366353410521,
            0.13241975463150132,
            0.040589267230104996,
            0.7049164429494009
          ],
          "rotation_matrix": [
            [
              0.0028906396915575868,
              0.9914810467519409,
              0.13021896224805066
            ],
            [
              -0.9699817635242947,
              -0.02888436591315053,
              0.24145614888427827
            ],
            [
              0.2431604873955873,
              -0.12700798137340233,
              0.9616350399367255
            ]
          ]
        },
        {
          "t": 0.014666666666666666,
          "position": [
            0.007981960211225185,
            -0.08839718911437888,
            -0.09525783612940146
          ],
          "quaternion_wxyz": [
            -0.6956344912232356,
            0.13253055681382125,
            0.040678664733456764,
            0.7048925821476004
          ],
          "rotation_matrix": [
            [
              0.002943387738566232,
              0.99147751767126,
              0.1302446483206376
            ],
            [
              -0.9699128533224743,
              -0.02887580171113053,
              0.24173383096564563
            ],
            [
              0.2434345773025332,
              -0.12703747487671185,
              0.9615617954908565
            ]
          ]
        },
        {
          "t": 0.015333333333333332,
          "position": [
            0.007975712172152217,
            -0.0884013641829687,
            -0.09524477091228443
          ],
          "quaternion_wxyz": [
            -0.6956325127032229,
            0.13256938116219788,
            0.040712119546239704,
            0.7048853025638462
          ],
          "rotation_matrix": [
            [
              0.0029584671040388884,
              0.9914766293657793,
              0.13025106866731356
            ],
            [
              -0.9698879073910791,
              -0.0288758611834502,
              0.24183389285912574
            ],
            [
              0.24353376473691293,
              -0.127044394041857,
              0.9615357649992629
            ]
          ]
        },
        {
          "t": 0.016,
          "position": [
            0.00793636817500023,
            -0.08842556403157786,
            -0.09516783719780342
          ],
          "quaternion_wxyz": [
            -0.6956223565492172,
            0.1328249755082403,
            0.04092555844662457,
            0.7048348470499888
          ],
          "rotation_matrix": [
            [
              0.003065874100685452,
              0.991469627160075,
              0.13030187577379793
            ],
            [
              -0.9697258819682251,
              -0.028869271468435063,
              0.24248356439924193
            ],
            [
              0.2441768094126327,
              -0.12710052548679282,
              0.9613652490927487
            ]
          ]
        },
        {
          "t": 0.016666666666666666,
          "position": [
            0.007899540043666163,
            -0.08844754153111666,
            -0.09509673822704931
          ],
          "quaternion_wxyz": [
            -0.6956131776759944,
            0.13306659166991844,
            0.04112615076670849,
            0.7047866549162026
          ],
          "rotation_matrix": [
            [
              0.0031688215512704946,
              0.9914628026394132,
              0.13035133120718684
            ],
            [
              -0.9695727357967833,
              -0.028861893532182572,
              0.24309607380459658
            ],
            [
              0.24478290088873467,
              -0.12715542489100484,
              0.9612038438075449
            ]
          ]
        },
        {
          "t": 0.017333333333333333,
          "position": [
            0.007880214728344983,
            -0.08845946248312087,
            -0.09506055998532595
          ],
          "quaternion_wxyz": [
            -0.6956090429978208,
            0.13319244945264846,
            0.04122785375881827,
            0.7047610196250224
          ],
          "rotation_matrix": [
            [
              0.00322433858406395,
              0.9914587544602521,
              0.1303807571688808
            ],
            [
              -0.9694937991504886,
              -0.028856646747138608,
              0.24341131310026512
            ],
            [
              0.24509462876088312,
              -0.12718817609240116,
              0.9611200709651053
            ]
          ]
        },
        {
          "t": 0.018,
          "position": [
            0.007857398900037199,
            -0.08847351977698502,
            -0.09501910156337273
          ],
          "quaternion_wxyz": [
            -0.6956047221702758,
            0.13333996971494702,
            0.041342737667037464,
            0.7047306584880674
          ],
          "rotation_matrix": [
            [
              0.003290954059322262,
              0.9914532265794133,
              0.1304211222224372
            ],
            [
              -0.9694026690270771,
              -0.02884969707215951,
              0.2437748146547465
            ],
            [
              0.24545393641688917,
              -0.12723283569578445,
              0.9610224610358387
            ]
          ]
        },
        {
          "t": 0.018666666666666668,
          "position": [
            0.007837285012479154,
            -0.08848431830110189,
            -0.09498192547832271
          ],
          "quaternion_wxyz": [
            -0.6955987443062829,
            0.13347149174856365,
            0.041447392912177916,
            0.7047055139778027
          ],
          "rotation_matrix": [
            [
              0.0033445043811124123,
              0.9914486319770672,
              0.13045468345887729
            ],
            [
              -0.9693204505342456,
              -0.028849001079555438,
              0.2441016167720542
            ],
            [
              0.24577770131669652,
              -0.1272687914713905,
              0.9609349490210087
            ]
          ]
        },
        {
          "t": 0.019333333333333334,
          "position": [
            0.007803423075439407,
            -0.08849785836233458,
            -0.094916369662471
          ],
          "quaternion_wxyz": [
            -0.6955808831251085,
            0.13369747632165782,
            0.041640834240146966,
            0.7046689015274469
          ],
          "rotation_matrix": [
            [
              0.003415560288755268,
              0.9914429825677615,
              0.1304957710432193
            ],
            [
              -0.9691738847699051,
              -0.02886655190830109,
              0.244680819147862
            ],
            [
              0.24635404406242886,
              -0.12730881545730088,
              0.9607820514966245
            ]
          ]
        },
        {
          "t": 0.02,
          "position": [
            0.007768584454928073,
            -0.08851026703372296,
            -0.09484738583204186
          ],
          "quaternion_wxyz": [
            -0.6955606988831247,
            0.13393379316227996,
            0.04184680901856384,
            0.704631746228728
          ],
          "rotation_matrix": [
            [
              0.0034858935642172293,
              0.9914377034489349,
              0.13053401365571254
            ],
            [
              -0.9690188959960483,
              -0.028888317487309675,
              0.24529134577739342
            ],
            [
              0.24696199656353515,
              -0.12734498532619384,
              0.9606211672468707
            ]
          ]
        },
        {
          "t": 0.020666666666666667,
          "position": [
            0.007740372737804294,
            -0.08851858857953016,
            -0.09478993764835306
          ],
          "quaternion_wxyz": [
            -0.6955414901609756,
            0.134128511673624,
            0.042022904236301284,
            0.7046031885681576
          ],
          "rotation_matrix": [
            [
              0.0035368443592468705,
              0.9914344426981448,
              0.1305574071391808
            ],
            [
              -0.9688885642939604,
              -0.028912221967335724,
              0.2458028344003217
            ],
            [
              0.24747210087271476,
              -0.12736494512935698,
              0.9604872357501465
            ]
          ]
        },
        {
          "t": 0.021333333333333333,
          "position": [
            0.007711316927651903,
            -0.08852619335552396,
            -0.09473026646232019
          ],
          "quaternion_wxyz": [
            -0.6955193726675707,
            0.1343301101019399,
            0.04220779226678194,
            0.7045755644613811
          ],
          "rotation_matrix": [
            [
              0.003583552472763457,
              0.991431463944438,
              0.13057875190004148
            ],
            [
              -0.9687523544165001,
              -0.028942609031089733,
              0.24633554593865126
            ],
            [
              0.24800410069624104,
              -0.1273812296947099,
              0.9603478475825462
            ]
          ]
        },
        {
          "t": 0.022,
          "position": [
            0.007682052009438594,
            -0.08853255372415711,
            -0.09466902782154564
          ],
          "quaternion_wxyz": [
            -0.6954941603042865,
            0.1345366848654309,
            0.04240304741443273,
            0.7045493133755965
          ],
          "rotation_matrix": [
            [
              0.003624493184873037,
              0.9914293970504693,
              0.13059331417957326
            ],
            [
              -0.9686103353426391,
              -0.028979709104152433,
              0.24688903322259662
            ],
            [
              0.2485576016028464,
              -0.1273888814593169,
              0.9602037239893948
            ]
          ]
        },
        {
          "t": 0.02266666666666667,
          "position": [
            0.007653737748473103,
            -0.08853920710820921,
            -0.09461112580439648
          ],
          "quaternion_wxyz": [
            -0.6954695193624962,
            0.1347321671181192,
            0.042583868294762565,
            0.7045253756554181
          ],
          "rotation_matrix": [
            [
              0.003661218438275811,
              0.9914266824883299,
              0.13061289647213764
            ],
            [
              -0.9684770150513136,
              -0.029017523596448425,
              0.2474070626307112
            ],
            [
              0.24907602613425364,
              -0.12740139940200432,
              0.9600677146080359
            ]
          ]
        },
        {
          "t": 0.023333333333333334,
          "position": [
            0.007623595370780858,
            -0.08854607085443884,
            -0.09455008566298571
          ],
          "quaternion_wxyz": [
            -0.695441572077274,
            0.13493662384813737,
            0.04277543786648709,
            0.7045022280209526
          ],
          "rotation_matrix": [
            [
              0.003693745258670898,
              0.9914242203098923,
              0.13063066877267182
            ],
            [
              -0.9683363276340619,
              -0.02906256348298278,
              0.24795185820216248
            ],
            [
              0.24962193979722433,
              -0.12741029307632243,
              0.95992473891821
            ]
          ]
        },
        {
          "t": 0.024,
          "position": [
            0.007601069232901597,
            -0.08855070140899401,
            -0.09450416359315347
          ],
          "quaternion_wxyz": [
            -0.6954192407522647,
            0.13508878310677278,
            0.042922850670483466,
            0.7044861454710052
          ],
          "rotation_matrix": [
            [
              0.003713799460432456,
              0.991423232134537,
              0.13063759976585962
            ],
            [
              -0.9682296494778281,
              -0.02909941696266925,
              0.24836378520711244
            ],
            [
              0.25003510466252,
              -0.12740957072141518,
              0.9598172991367179
            ]
          ]
        },
        {
          "t": 0.024666666666666667,
          "position": [
            0.007565652202389361,
            -0.08855712657715212,
            -0.09443153331420251
          ],
          "quaternion_wxyz": [
            -0.6953810768340678,
            0.13532837570829348,
            0.04316114692170811,
            0.7044632737805783
          ],
          "rotation_matrix": [
            [
              0.0037372225824882158,
              0.9914227156339924,
              0.1306408515258454
            ],
            [
              -0.9680590040089936,
              -0.02916454675393273,
              0.2490204689732989
            ],
            [
              0.25069463082098703,
              -0.12739869753114455,
              0.9596466922477322
            ]
          ]
        },
        {
          "t": 0.025333333333333333,
          "position": [
            0.007540797344473314,
            -0.08856076409404244,
            -0.09437918136615298
          ],
          "quaternion_wxyz": [
            -0.6953531648587177,
            0.13550017633382697,
            0.04333793816354478,
            0.7044469472218612
          ],
          "rotation_matrix": [
            [
              0.0037526433320491572,
              0.9914234249753421,
              0.1306350262115536
            ],
            [
              -0.9679342319244115,
              -0.029211598472338104,
              0.24949950938131893
            ],
            [
              0.25117571605334105,
              -0.1273823964287339,
              0.9595230506570861
            ]
          ]
        },
        {
          "t": 0.026,
          "position": [
            0.007517469485093463,
            -0.08856274494977129,
            -0.09432738310341492
          ],
          "quaternion_wxyz": [
            -0.6953257908522227,
            0.13567013730865377,
            0.04352060836096314,
            0.7044299930200827
          ],
          "rotation_matrix": [
            [
              0.0037686831642189016,
              0.9914255778151714,
              0.13061822490054556
            ],
            [
              -0.9678077901683082,
              -0.029256002446187784,
              0.24998433472586334
            ],
            [
              0.25166223060826964,
              -0.1273554473503028,
              0.9593991409797025
            ]
          ]
        },
        {
          "t": 0.02666666666666667,
          "position": [
            0.007481866467001932,
            -0.08856368344163262,
            -0.0942443564903939
          ],
          "quaternion_wxyz": [
            -0.695281904359306,
            0.13594590237748316,
            0.04382308900930452,
            0.7044013926497811
          ],
          "rotation_matrix": [
            [
              0.003796429806445883,
              0.9914302221880181,
              0.13058216435658818
            ],
            [
              -0.967599944668152,
              -0.02932522067930095,
              0.2507795416460981
            ],
            [
              0.2524597674816726,
              -0.12730336193283337,
              0.9591964969915265
            ]
          ]
        },
        {
          "t": 0.027333333333333334,
          "position": [
            0.007439160726399412,
            -0.08856320965684028,
            -0.09414124444967398
          ],
          "quaternion_wxyz": [
            -0.6952294703366676,
            0.1362865814017131,
            0.044204601376461594,
            0.7043634747219499
          ],
          "rotation_matrix": [
            [
              0.0038360973905210635,
              0.9914374789160852,
              0.13052589686509128
            ],
            [
              -0.9673395029022807,
              -0.02940387358403177,
              0.2517731088518988
            ],
            [
              0.25345526327059253,
              -0.12722868235522086,
              0.958943841892583
            ]
          ]
        },
        {
          "t": 0.028,
          "position": [
            0.0073972454483277605,
            -0.08856250844841188,
            -0.09403987580193136
          ],
          "quaternion_wxyz": [
            -0.695176054888821,
            0.13662633473250935,
            0.0445801965200164,
            0.7043267022092887
          ],
          "rotation_matrix": [
            [
              0.003873005267432106,
              0.9914437740913495,
              0.13047698126799406
            ],
            [
              -0.9670804586840998,
              -0.029485717573845684,
              0.25275675834373584
            ],
            [
              0.2544413218397049,
              -0.1271606671488118,
              0.9586917014702125
            ]
          ]
        },
        {
          "t": 0.028666666666666667,
          "position": [
            0.0073774580142330045,
            -0.088562096941911,
            -0.09399194555436857
          ],
          "quaternion_wxyz": [
            -0.6951503470638707,
            0.13678818509555546,
            0.04475754256960298,
            0.704309413381913
          ],
          "rotation_matrix": [
            [
              0.003890025210494192,
              0.9914464723380089,
              0.13045597030220252
            ],
            [
              -0.9669572602697658,
              -0.029525514719162992,
              0.2532230257896852
            ],
            [
              0.2549088553060417,
              -0.12713039158345035,
              0.958571509601407
            ]
          ]
        },
        {
          "t": 0.029333333333333333,
          "position": [
            0.007357584668174303,
            -0.08856212322768893,
            -0.0939452797622141
          ],
          "quaternion_wxyz": [
            -0.6951224104635784,
            0.1369519640248829,
            0.04492584464208581,
            0.7042944430451137
          ],
          "rotation_matrix": [
            [
              0.0039020119589189737,
              0.9914470671672333,
              0.13045109161395946
            ],
            [
              -0.9668363365318811,
              -0.029573005907942193,
              0.25367880416208777
            ],
            [
              0.25536693729273263,
              -0.1271147132401895,
              0.9584516560644629
            ]
          ]
        },
        {
          "t": 0.03,
          "position": [
            0.007349995477190722,
            -0.08856216912090428,
            -0.09392778232207218
          ],
          "quaternion_wxyz": [
            -0.6951112750659746,
            0.13701532809555883,
            0.044987419874383504,
            0.7042891786731266
          ],
          "rotation_matrix": [
            [
              0.003905769714939881,
              0.9914466301913798,
              0.1304543001981964
            ],
            [
              -0.9667907658158236,
              -0.0295928946573445,
              0.25385010481971243
            ],
            [
              0.25553935136133843,
              -0.12711349284412035,
              0.9584058638384431
            ]
          ]
        },
        {
          "t": 0.030666666666666665,
          "position": [
            0.007320623242126927,
            -0.08855944149681129,
            -0.09385262248614289
          ],
          "quaternion_wxyz": [
            -0.6950736976065783,
            0.13727087654539813,
            0.04526485954370889,
            0.7042587264908154
          ],
          "rotation_matrix": [
            [
              0.0039414773050283295,
              0.9914505280774475,
              0.13042359881062165
            ],
            [
              -0.9665963402938607,
              -0.02964729477095708,
