{
  "metadata": {
    "n_handles": 2,
    "n_steps": 1501,
    "trajectory_direction": "rest_to_deformed",
    "influence_radius": 0.13600000739097595,
    "mesh_type": "tetrahedral",
    "handle_placement_method": "div(Force)",
    "physics": {
      "w_strain": 5.0,
      "w_bend": 2.0,
      "w_reg": 0.0,
      "lambda_lame": 62.79966735839844,
      "mu_lame": 8.194999694824219
    }
  },
  "handles": [
    {
      "handle_id": 0,
      "handle_vertex_index": 271,
      "grasp_position": [
        -0.07147647222222221,
        -0.3234714722222222,
        0.005555555555555552
      ],
      "surface_normal": [
        0.29534730996703445,
        -0.018274520194252963,
        0.9552151634092219
      ],
      "n_vertices_in_region": 97,
      "total_displacement": 0.05571919386901001,
      "total_rotation_deg": 70.41527203536444,
      "waypoints": [
        {
          "t": 0.0,
          "position": [
            -0.05656347623058815,
            -0.3857473646809276,
            0.022787382261404032
          ],
          "quaternion_wxyz": [
            0.8208124353964162,
            -0.019691155329801403,
            0.5706941078313568,
            0.013690857787350724
          ],
          "rotation_matrix": [
            [
              0.34824159139888705,
              -0.04495050529233291,
              0.9363264634142227
            ],
            [
              0.0,
              0.998849637626428,
              0.04795207406478976
            ],
            [
              -0.9374048186445215,
              -0.016698906583199686,
              0.34784098737592545
            ]
          ]
        },
        {
          "t": 0.0006666666666666666,
          "position": [
            -0.056534252282361225,
            -0.38575128958039556,
            0.022871968032687207
          ],
          "quaternion_wxyz": [
            0.8208186038125048,
            -0.019931636859474907,
            0.5706794358339239,
            0.013584218920008332
          ],
          "rotation_matrix": [
            [
              0.3482809010248661,
              -0.04504950977194395,
              0.9363070840522708
            ],
            [
              -0.0004487913407972216,
              0.9988363976936498,
              0.048224985456360635
            ],
            [
              -0.9373901069275468,
              -0.017216047898302105,
              0.34785542273597947
            ]
          ]
        },
        {
          "t": 0.0013333333333333333,
          "position": [
            -0.056528747279749526,
            -0.38575184188903267,
            0.02288786489675596
          ],
          "quaternion_wxyz": [
            0.820818781736877,
            -0.01997632386491786,
            0.5706781312965926,
            0.013562613784294663
          ],
          "rotation_matrix": [
            [
              0.34828505193398435,
              -0.04506499859390988,
              0.9363047946565921
            ],
            [
              -0.0005352060996115731,
              0.998834003981143,
              0.04827365781655054
            ],
            [
              -0.9373885193193748,
              -0.01731410945687647,
              0.34785483388857225
            ]
          ]
        },
        {
          "t": 0.002,
          "position": [
            -0.05645342344649047,
            -0.3857617211681684,
            0.023108845369926207
          ],
          "quaternion_wxyz": [
            0.8208347562046568,
            -0.020609950901981696,
            0.57063941180763,
            0.01327383223118305
          ],
          "rotation_matrix": [
            [
              0.3483889341391309,
              -0.04531294620686304,
              0.9362541788805561
            ],
            [
              -0.0017304548333946764,
              0.998798070600212,
              0.048983871681654065
            ],
            [
              -0.9373484710039627,
              -0.01868558441430921,
              0.3478917832305462
            ]
          ]
        },
        {
          "t": 0.0026666666666666666,
          "position": [
            -0.056379131071652815,
            -0.385772247498152,
            0.023323591204993232
          ],
          "quaternion_wxyz": [
            0.8208458779820923,
            -0.02122506407430069,
            0.5706072329220786,
            0.012997191691222359
          ],
          "rotation_matrix": [
            [
              0.3484769174899506,
              -0.045559732610139236,
              0.9362094577267659
            ],
            [
              -0.0028849677098761336,
              0.9987611393231468,
              0.0496775958839103
            ],
            [
              -0.9373129226336379,
              -0.020012429537159433,
              0.34791376478332686
            ]
          ]
        },
        {
          "t": 0.0033333333333333335,
          "position": [
            -0.05631944923016111,
            -0.38578139067580314,
            0.02349327093449347
          ],
          "quaternion_wxyz": [
            0.8208537118062894,
            -0.02171238144281038,
            0.5705823713607239,
            0.012787251397076094
          ],
          "rotation_matrix": [
            [
              0.3485444873878121,
              -0.04577032972914749,
              0.9361740314834114
            ],
            [
              -0.0037844786368548757,
              0.99873011738436,
              0.05023773824957559
            ],
            [
              -0.9372845982043084,
              -0.021053017348249103,
              0.34792865996813543
            ]
          ]
        },
        {
          "t": 0.004,
          "position": [
            -0.05626316980642778,
            -0.38579115128199987,
            0.023650017432532255
          ],
          "quaternion_wxyz": [
            0.8208610946200382,
            -0.022161055994446482,
            0.5705586176351094,
            0.012602173571128606
          ],
          "rotation_matrix": [
            [
              0.34860809812684207,
              -0.04597763093134102,
              0.9361401878832986
            ],
            [
              -0.004599094962654357,
              0.9987001456337683,
              0.05076285482690337
            ],
            [
              -0.9372572977810881,
              -0.022001739899128524,
              0.34794350287827375
            ]
          ]
        },
        {
          "t": 0.004666666666666667,
          "position": [
            -0.056193302596990694,
            -0.3858043111284972,
            0.023839365084582592
          ],
          "quaternion_wxyz": [
            0.8208673376675216,
            -0.022704100103426245,
            0.5705329945613364,
            0.012387086259604479
          ],
          "rotation_matrix": [
            [
              0.34867732442139204,
              -0.0462431854803288,
              0.9361013252991481
            ],
            [
              -0.005570567402876499,
              0.9986621678617615,
              0.05140859124718338
            ],
            [
              -0.9372262758860032,
              -0.023139625576842047,
              0.34795325190996096
            ]
          ]
        },
        {
          "t": 0.005333333333333333,
          "position": [
            -0.056134520033855224,
            -0.3858153092696519,
            0.023997481235694628
          ],
          "quaternion_wxyz": [
            0.8208719985601636,
            -0.02315851386200422,
            0.5705118711719099,
            0.012208606287051525
          ],
          "rotation_matrix": [
            [
              0.34873430956855694,
              -0.046467820238831586,
              0.9360689734244176
            ],
            [
              -0.006381008068951556,
              0.998629266333243,
              0.051950660749574225
            ],
            [
              -0.9371999061372995,
              -0.024090041480649832,
              0.347959776174484
            ]
          ]
        },
        {
          "t": 0.006,
          "position": [
            -0.05606344749112387,
            -0.385828483662678,
            0.02418779618618442
          ],
          "quaternion_wxyz": [
            0.8208749797669673,
            -0.023705517464542615,
            0.5704897621615477,
            0.0119894663425788
          ],
          "rotation_matrix": [
            [
              0.348795367931011,
              -0.046731215923203166,
              0.936033110933614
            ],
            [
              -0.00736380415774219,
              0.9985886022738977,
              0.052598267942534194
            ],
            [
              -0.9371699769498563,
              -0.025238796733627982,
              0.3479589594204226
            ]
          ]
        },
        {
          "t": 0.006666666666666667,
          "position": [
            -0.05600294026747863,
            -0.3858394795463459,
            0.024350653570187723
          ],
          "quaternion_wxyz": [
            0.8208780188995701,
            -0.024174144538965398,
            0.5704697438602674,
            0.011796616605074752
          ],
          "rotation_matrix": [
            [
              0.3488502223529971,
              -0.04694840262326728,
              0.9360018001324776
            ],
            [
              -0.008214069549363571,
              0.998552901141745,
              0.05314727346165237
            ],
            [
              -0.937142492593149,
              -0.026228822049170805,
              0.3479597641508454
            ]
          ]
        },
        {
          "t": 0.007333333333333333,
          "position": [
            -0.05596607998141465,
            -0.38584615592009935,
            0.024447473355751627
          ],
          "quaternion_wxyz": [
            0.8208754755778728,
            -0.024453145409090608,
            0.5704638353150432,
            0.011683743922838502
          ],
          "rotation_matrix": [
            [
              0.3488690054508433,
              -0.04708106792946815,
              0.9359881356482096
            ],
            [
              -0.008717472532769445,
              0.9985310676118759,
              0.0534762814721943
            ],
            [
              -0.9371309528056249,
              -0.026815667995924802,
              0.3479461125537314
            ]
          ]
        },
        {
          "t": 0.008,
          "position": [
            -0.055880705939206333,
            -0.3858643686499573,
            0.024665493262936822
          ],
          "quaternion_wxyz": [
            0.8208652939204492,
            -0.02507165294378601,
            0.5704564207097621,
            0.011447861222425578
          ],
          "rotation_matrix": [
            [
              0.3488968370885277,
              -0.04739887473330867,
              0.9359617213003363
            ],
            [
              -0.00981026686494172,
              0.9984807173809775,
              0.05422191140094628
            ],
            [
              -0.9371097885155496,
              -0.028099887650010615,
              0.3479017685785718
            ]
          ]
        },
        {
          "t": 0.008666666666666666,
          "position": [
            -0.05579805780535264,
            -0.3858826102682434,
            0.024874608578082557
          ],
          "quaternion_wxyz": [
            0.8208561349288679,
            -0.025664362765535204,
            0.5704475799132498,
            0.01122963955769831
          ],
          "rotation_matrix": [
            [
              0.3489269075326907,
              -0.047716184307099625,
              0.9359343881654816
            ],
            [
              -0.010844510211252838,
              0.9984304713552674,
              0.05494534066818075
            ],
            [
              -0.9370871943399658,
              -0.02932165783220171,
              0.34786179810913614
            ]
          ]
        },
        {
          "t": 0.009333333333333334,
          "position": [
            -0.055742817135674645,
            -0.38589517569780296,
            0.02501222141167695
          ],
          "quaternion_wxyz": [
            0.820846860136256,
            -0.02605460262063999,
            0.5704459383252264,
            0.011091498319995894
          ],
          "rotation_matrix": [
            [
              0.34893682022618877,
              -0.04793432761951037,
              0.9359195455390132
            ],
            [
              -0.011516641338868318,
              0.9983962726913775,
              0.055427877839613365
            ],
            [
              -0.9370754838649376,
              -0.03011947717324957,
              0.34782517826029036
            ]
          ]
        },
        {
          "t": 0.01,
          "position": [
            -0.05567358831374164,
            -0.38591236249896793,
            0.025183611414772936
          ],
          "quaternion_wxyz": [
            0.8208366104839674,
            -0.026536700247068785,
            0.5704417618163209,
            0.010920567983416968
          ],
          "rotation_matrix": [
            [
              0.34895387514127185,
              -0.04820328809951098,
              0.9358993728153341
            ],
            [
              -0.012347280067297892,
              0.998353089466615,
              0.056023686249404146
            ],
            [
              -0.9370585561728934,
              -0.03110549408738743,
              0.3477839998310028
            ]
          ]
        },
        {
          "t": 0.010666666666666666,
          "position": [
            -0.05562960518339511,
            -0.38592318182054536,
            0.025292898801765804
          ],
          "quaternion_wxyz": [
            0.8208252312065388,
            -0.02685020879939822,
            0.5704457139693699,
            0.010802477314797143
          ],
          "rotation_matrix": [
            [
              0.34894998779532765,
              -0.04836706493655899,
              0.9358923725743862
            ],
            [
              -0.01289928117852914,
              0.9983247455393657,
              0.056403111460322064
            ],
            [
              -0.9370525676613434,
              -0.031754203922375386,
              0.3477415074020343
            ]
          ]
        },
        {
          "t": 0.011333333333333334,
          "position": [
            -0.055586498769651355,
            -0.38593363417404924,
            0.025398731608179372
          ],
          "quaternion_wxyz": [
            0.8208085578375114,
            -0.027155725959437663,
            0.5704575365141514,
            0.010680681744448264
          ],
          "rotation_matrix": [
            [
              0.3489282441430082,
              -0.048515967024829416,
              0.9358927723723343
            ],
            [
              -0.013448787107357876,
              0.9982969791669615,
              0.05676505531600003
            ],
            [
              -0.9370529390395278,
              -0.032393553731043065,
              0.3476815311628681
            ]
          ]
        },
        {
          "t": 0.012,
          "position": [
            -0.05553356837403164,
            -0.38594719654257864,
            0.025523977496566413
          ],
          "quaternion_wxyz": [
            0.8207923961935887,
            -0.027503774806451744,
            0.5704664818431794,
            0.010553568858370232
          ],
          "rotation_matrix": [
            [
              0.3489132305552841,
              -0.04870454144571596,
              0.9358885751957277
            ],
            [
              -0.01405538515914884,
              0.9982643291082776,
              0.05719069305050852
            ],
            [
              -0.9370496271220121,
              -0.033108863860371485,
              0.34762307092894795
            ]
          ]
        },
        {
          "t": 0.012666666666666666,
          "position": [
            -0.05548973370533969,
            -0.3859580733174957,
            0.025624574973498584
          ],
          "quaternion_wxyz": [
            0.820778127772224,
            -0.027779843087001873,
            0.5704753690656713,
            0.010459377523094846
          ],
          "rotation_matrix": [
            [
              0.3488969094220802,
              -0.04886508907734241,
              0.9358862909889399
            ],
            [
              -0.014525775873123089,
              0.9982377634765647,
              0.0575358097028278
            ],
            [
              -0.9370485304556017,
              -0.0336685406920474,
              0.3475722672141201
            ]
          ]
        },
        {
          "t": 0.013333333333333334,
          "position": [
            -0.055402434956023344,
            -0.3859792826887596,
            0.02582287478501171
          ],
          "quaternion_wxyz": [
            0.820758076411894,
            -0.028317263413831215,
            0.5704809101138216,
            0.010288041266675362
          ],
          "rotation_matrix": [
            [
              0.34889137480485066,
              -0.04919690232859343,
              0.9358709704782505
            ],
            [
              -0.015420930488317238,
              0.9981845775960769,
              0.05822150758772038
            ],
            [
              -0.9370362871776386,
              -0.034744983007269845,
              0.3474993275761395
            ]
          ]
        },
        {
          "t": 0.014,
          "position": [
            -0.05534569996639966,
            -0.38599374508910306,
            0.025950859021578947
          ],
          "quaternion_wxyz": [
            0.8207461553540163,
            -0.028658509194501615,
            0.5704828429038565,
            0.010186475086270281
          ],
          "rotation_matrix": [
            [
              0.34889112335494943,
              -0.04941939612458035,
              0.9358593416356183
            ],
            [
              -0.015977355069971024,
              0.998149851148915,
              0.05866514101184651
            ],
            [
              -0.9370270583964413,
              -0.03542030394626158,
              0.3474560316053893
            ]
          ]
        },
        {
          "t": 0.014666666666666666,
          "position": [
            -0.05530650697712219,
            -0.38600369597240536,
            0.026039745809839827
          ],
          "quaternion_wxyz": [
            0.8207382733565222,
            -0.028897288684194142,
            0.5704833862746064,
            0.010116290778507012
          ],
          "rotation_matrix": [
            [
              0.3488927332907348,
              -0.04957650025799434,
              0.9358504321070434
            ],
            [
              -0.01636519215275044,
              0.9981252147319583,
              0.05897657327837038
            ],
            [
              -0.9370197656083475,
              -0.035891869998878605,
              0.34742730538194616
            ]
          ]
        },
        {
          "t": 0.015333333333333332,
          "position": [
            -0.05529283718699424,
            -0.3860077674609376,
            0.026071062020756125
          ],
          "quaternion_wxyz": [
            0.8207373359585932,
            -0.02897856370494784,
            0.5704809451826167,
            0.010097494379193562
          ],
          "rotation_matrix": [
            [
              0.34889906358126954,
              -0.0496382180980567,
              0.9358448005583048
            ],
            [
              -0.01648865555156535,
              0.9981165669025049,
              0.05908843462499448
            ],
            [
              -0.9370152440959612,
              -0.03604672207527326,
              0.3474234680575178
            ]
          ]
        },
        {
          "t": 0.016,
          "position": [
            -0.05521060159889457,
            -0.38602986210200796,
            0.026254043430593305
          ],
          "quaternion_wxyz": [
            0.8207391314668783,
            -0.029446693490408064,
            0.5704560316599104,
            0.010004312285379926
          ],
          "rotation_matrix": [
            [
              0.3489596593566964,
              -0.050017948980057646,
              0.9358019880922125
            ],
            [
              -0.017174226676006005,
              0.9980656119531413,
              0.0597501478513331
            ],
            [
              -0.9369803637631572,
              -0.03692206670806668,
              0.34742561636984326
            ]
          ]
        },
        {
          "t": 0.016666666666666666,
          "position": [
            -0.05513474346437511,
            -0.38604965039107475,
            0.026422999218389264
          ],
          "quaternion_wxyz": [
            0.8207474548494562,
            -0.02987855394521637,
            0.5704230200491271,
            0.009922981926601028
          ],
          "rotation_matrix": [
            [
              0.34903822525508343,
              -0.05037535427372961,
              0.9357535150820591
            ],
            [
              -0.017798305630682323,
              0.9980176128844391,
              0.06036608884711291
            ],
            [
              -0.9369394524863693,
              -0.03772489957320309,
              0.3474497004235763
            ]
          ]
        },
        {
          "t": 0.017333333333333333,
          "position": [
            -0.0550957534526018,
            -0.3860592946660193,
            0.026508668794191923
          ],
          "quaternion_wxyz": [
            0.8207518719204819,
            -0.03009646879926921,
            0.5704059410759187,
            0.009880773761967158
          ],
          "rotation_matrix": [
            [
              0.34907886538996996,
              -0.05055373633925063,
              0.9357287349846881
            ],
            [
              -0.018115082094673586,
              0.9979931457481437,
              0.06067557032284586
            ],
            [
              -0.9369182405827918,
              -0.03813136209778128,
              0.3474625299014456
            ]
          ]
        },
        {
          "t": 0.018,
          "position": [
            -0.05505040286699747,
            -0.38606889951581425,
            0.026607444878815213
          ],
          "quaternion_wxyz": [
            0.8207628522700492,
            -0.030351584662433907,
            0.5703774413333638,
            0.00983341548079223
          ],
          "rotation_matrix": [
            [
              0.34914575671562365,
              -0.05076552267540454,
              0.9356923117514752
            ],
            [
              -0.01848191412517061,
              0.9979641704937072,
              0.06104042311986094
            ],
            [
              -0.9368861507225646,
              -0.038605389673799034,
              0.3474967114521937
            ]
          ]
        },
        {
          "t": 0.018666666666666668,
          "position": [
            -0.05500943952875274,
            -0.3860783599351464,
            0.026697003979729208
          ],
          "quaternion_wxyz": [
            0.8207764444232468,
            -0.030578529706126668,
            0.5703463431921896,
            0.009799520816928347
          ],
          "rotation_matrix": [
            [
              0.3492180363977605,
              -0.050967136902423736,
              0.9356543774312792
            ],
            [
              -0.018794273489795402,
              0.9979378458223247,
              0.061374515501658476
            ],
            [
              -0.936852997186049,
              -0.039018032049720895,
              0.3475400046558424
            ]
          ]
        },
        {
          "t": 0.019333333333333334,
          "position": [
            -0.05493715144073611,
            -0.38609859571297694,
            0.026857318357810148
          ],
          "quaternion_wxyz": [
            0.8208022840717788,
            -0.030973746587261455,
            0.5702884801306753,
            0.009761501684843625
          ],
          "rotation_matrix": [
            [
              0.3493515250298506,
              -0.05135246748810162,
              0.9355834735810875
            ],
            [
              -0.0193034159725926,
              0.9978906802111948,
              0.061980387809400225
            ],
            [
              -0.9367928747002222,
              -0.03971289997077458,
              0.3476233529044092
            ]
          ]
        },
        {
          "t": 0.02,
          "position": [
            -0.05486099961829117,
            -0.38612063000328134,
            0.027026645845519663
          ],
          "quaternion_wxyz": [
            0.8208292148089833,
            -0.03138985124032432,
            0.5702275274712021,
            0.009728528627589252
          ],
          "rotation_matrix": [
            [
              0.34949184528929156,
              -0.05176963555009659,
              0.9355080731384144
            ],
            [
              -0.01982779349162485,
              0.9978400659364899,
              0.06262636354356411
            ],
            [
              -0.9367295814051878,
              -0.040436464242534616,
              0.3477104883056042
            ]
          ]
        },
        {
          "t": 0.020666666666666667,
          "position": [
            -0.054798109384134965,
            -0.3861408291838332,
            0.027168262985932085
          ],
          "quaternion_wxyz": [
            0.8208505244199548,
            -0.03173182829790901,
            0.5701782790754832,
            0.009707610564797657
          ],
          "rotation_matrix": [
            [
              0.3496049847349335,
              -0.05212259294751541,
              0.9354461983186247
            ],
            [
              -0.020248604055651362,
              0.9977977067367736,
              0.06316431316977322
            ],
            [
              -0.9366783592462697,
              -0.041024038426629196,
              0.3477796422860094
            ]
          ]
        },
        {
          "t": 0.021333333333333333,
          "position": [
            -0.05473266720116015,
            -0.38616259011113363,
            0.027315663737545324
          ],
          "quaternion_wxyz": [
            0.8208715890734343,
            -0.03208446171843951,
            0.570128506326177,
            0.009690605893094818
          ],
          "rotation_matrix": [
            [
              0.3497191568630627,
              -0.052494018588641396,
              0.9353827501783738
            ],
            [
              -0.020675046354496133,
              0.9977533589441107,
              0.06372422747715908
            ],
            [
              -0.9366264216747402,
              -0.04162466482419604,
              0.34784814718026497
            ]
          ]
        },
        {
          "t": 0.022,
          "position": [
            -0.054666141355946024,
            -0.3861863861946233,
            0.027467471959911064
          ],
          "quaternion_wxyz": [
            0.8208889043846046,
            -0.03244258902382954,
            0.5700835409695072,
            0.009676848213262071
          ],
          "rotation_matrix": [
            [
              0.34982222984830014,
              -0.05287720671312423,
              0.9353226226869716
            ],
            [
              -0.021102737402452127,
              0.9977076740489621,
              0.06429674650796925
            ],
            [
              -0.9365783907266315,
              -0.04223029892854488,
              0.3479044694654224
            ]
          ]
        },
        {
          "t": 0.02266666666666667,
          "position": [
            -0.05460283505017284,
            -0.3862076221289836,
            0.02761156964567436
          ],
          "quaternion_wxyz": [
            0.8209137427682375,
            -0.032785836802734315,
            0.5700283569130121,
            0.009663754676130471
          ],
          "rotation_matrix": [
            [
              0.3499485683208714,
              -0.05324393140603018,
              0.9352545553454724
            ],
            [
              -0.021511495324576017,
              0.9976634014981932,
              0.06484591639827714
            ],
            [
              -0.9365218924814701,
              -0.042811459599634435,
              0.3479855224396163
            ]
          ]
        },
        {
          "t": 0.023333333333333334,
          "position": [
            -0.05453548336545881,
            -0.38623021108940164,
            0.027764271608854085
          ],
          "quaternion_wxyz": [
            0.8209399320836528,
            -0.03314924054037896,
            0.5699698216612974,
            0.009651847360611397
          ],
          "rotation_matrix": [
            [
              0.35008248847548185,
              -0.05363530727133419,
              0.935182070547003
            ],
            [
              -0.021940959604576822,
              0.9976159393850325,
              0.06542959399329024
            ],
            [
              -0.9364618761874112,
              -0.04342454711790794,
              0.3480710604931938
            ]
          ]
        },
        {
          "t": 0.024,
          "position": [
            -0.05448495848486594,
            -0.38624776922796245,
            0.02788012301624295
          ],
          "quaternion_wxyz": [
            0.8209600662744492,
            -0.03342550882448095,
            0.5699248197295572,
            0.009643899559216686
          ],
          "rotation_matrix": [
            [
              0.35018539011469596,
              -0.05393456702479461,
              0.9351263310515446
            ],
            [
              -0.02226554133973095,
              0.9975794611190187,
              0.06587461131510275
            ],
            [
              -0.936415740051965,
              -0.04388942044393276,
              0.348136870431336
            ]
          ]
        },
        {
          "t": 0.024666666666666667,
          "position": [
            -0.05440474567575878,
            -0.3862770479836655,
            0.028065008517506273
          ],
          "quaternion_wxyz": [
            0.8209915211768785,
            -0.03386361932429841,
            0.569853815640793,
            0.009633599616096998
          ],
          "rotation_matrix": [
            [
              0.3503476451157804,
              -0.05441283257308921,
              0.9350378448004427
            ],
            [
              -0.02277641816022629,
              0.9975208980861782,
              0.06658297568234128
            ],
            [
              -0.9363427590020761,
              -0.04462400168392161,
              0.3482397681709991
            ]
          ]
        },
        {
          "t": 0.025333333333333333,
          "position": [
            -0.05434762387261417,
            -0.38629962321061273,
            0.028197899886863595
          ],
          "quaternion_wxyz": [
            0.8210057388730242,
            -0.034174725835861196,
            0.5698148610756307,
            0.009627510008471332
          ],
          "rotation_matrix": [
            [
              0.35043667029644177,
              -0.054755015244857444,
              0.9349845070443332
            ],
            [
              -0.023138051372858605,
              0.9974787983269473,
              0.06708708862721403
            ],
            [
              -0.9363005771055639,
              -0.0451434955152222,
              0.34828622442202967
            ]
          ]
        },
        {
          "t": 0.026,
          "position": [
            -0.05429253788116589,
            -0.38632458827785465,
            0.028328873633058655
          ],
          "quaternion_wxyz": [
            0.8210065310812261,
            -0.0344731994963196,
            0.5697958256814525,
            0.009622446385950346
          ],
          "rotation_matrix": [
            [
              0.35048025112273123,
              -0.05508555299737627,
              0.9349487555046944
            ],
            [
              -0.023485187686050464,
              0.9974380140808591,
              0.06757110343454761
            ],
            [
              -0.936275621561461,
              -0.04563978430024775,
              0.3482886311041804
            ]
          ]
        },
        {
          "t": 0.02666666666666667,
          "position": [
            -0.054206724239402426,
            -0.3863675080908444,
            0.02853642141164811
          ],
          "quaternion_wxyz": [
            0.8209872833983421,
            -0.03493264586868269,
            0.5697956792329288,
            0.009616375528696425
          ],
          "rotation_matrix": [
            [
              0.3504808184980012,
              -0.05559878540309817,
              0.9349181626872629
            ],
            [
              -0.024019097317377936,
              0.9973744711453953,
              0.06831725451949937
            ],
            [
              -0.9362618644519447,
              -0.04639977761490033,
              0.3482251883594198
            ]
          ]
        },
        {
          "t": 0.027333333333333334,
          "position": [
            -0.054102417601000354,
            -0.3864232473275882,
            0.02879198662796049
          ],
          "quaternion_wxyz": [
            0.8209414944562589,
            -0.03548851509215256,
            0.5698274315983571,
            0.00960865102385037
          ],
          "rotation_matrix": [
            [
              0.35040874404669126,
              -0.05622093947477163,
              0.9349079730412239
            ],
            [
              -0.024668378149908916,
              0.9972964782408985,
              0.0692185350996031
            ],
            [
              -0.9362719600698693,
              -0.04731744336335006,
              0.34807452698837
            ]
          ]
        },
        {
          "t": 0.028,
          "position": [
            -0.054000132940709274,
            -0.38647773725033074,
            0.029042963932050695
          ],
          "quaternion_wxyz": [
            0.8208993485628078,
            -0.036032146222481645,
            0.5698541411569099,
            0.009602175486840824
          ],
          "rotation_matrix": [
            [
              0.3503481120641292,
              -0.05683097468308437,
              0.93489381251858
            ],
            [
              -0.025301296275401595,
              0.9972189653258294,
              0.07010120965323444
            ],
            [
              -0.9362777604845081,
              -0.048213851791995034,
              0.34793588448906754
            ]
          ]
        },
        {
          "t": 0.028666666666666667,
          "position": [
            -0.053951969890067,
            -0.38650334491256993,
            0.0291613739215983
          ],
          "quaternion_wxyz": [
            0.8208799147536238,
            -0.03628794799934252,
            0.5698659517042184,
            0.009599347494792434
          ],
          "rotation_matrix": [
            [
              0.35032129923148775,
              -0.057118355150420644,
              0.9348863464643862
            ],
            [
              -0.025598708937608915,
              0.997182074712129,
              0.07051677791222816
            ],
            [
              -0.9362797089564056,
              -0.048635412728716805,
              0.34787196383570823
            ]
          ]
        },
        {
          "t": 0.029333333333333333,
          "position": [
            -0.05390498843842519,
            -0.3865256177122307,
            0.029275913424579157
          ],
          "quaternion_wxyz": [
            0.8208727277828498,
            -0.03654143100930079,
            0.5698601303335622,
            0.009597940318179584
          ],
          "rotation_matrix": [
            [
              0.3503346227953767,
              -0.05740438417514438,
              0.9348638343331873
            ],
            [
              -0.025889634374870872,
              0.9971452067196687,
              0.07093069534063097
            ],
            [
              -0.9362667242302046,
              -0.049052761257949974,
              0.3478483113512394
            ]
          ]
        },
        {
          "t": 0.03,
          "position": [
            -0.053887364355537794,
            -0.38653335664106003,
            0.02931869104999662
          ],
          "quaternion_wxyz": [
            0.8208742369629777,
            -0.03663761691978549,
            0.5698517882039172,
            0.009597478715069606
          ],
          "rotation_matrix": [
            [
              0.35035365576587185,
              -0.05751266906845419,
              0.9348500461485612
            ],
            [
              -0.025999377000500232,
              0.9971311468542917,
              0.07108803248234521
            ],
            [
              -0.9362565611439401,
              -0.04921147085014416,
              0.34785324901369763
            ]
          ]
        },
        {
          "t": 0.030666666666666665,
          "position": [
            -0.053814566881445536,
            -0.3865772546795047,
            0.0295024107423615
          ],
          "quaternion_wxyz": [
            0.8208253501754789,
            -0.037027033226355664,
            0.5698971880618149,
            0.009588449248612668
          ],
          "rotation_matrix": [
            [
              0.3502505133601348,
              -0.0579440886601192,
              0.9348620542498053
            ],
