{
  "metadata": {
    "n_handles": 2,
    "n_steps": 1501,
    "trajectory_direction": "rest_to_deformed",
    "influence_radius": 0.13600000739097595,
    "mesh_type": "tetrahedral",
    "handle_placement_method": "eshelby",
    "physics": {
      "w_strain": 5.0,
      "w_bend": 2.0,
      "w_reg": 0.0,
      "lambda_lame": 62.79966735839844,
      "mu_lame": 8.194999694824219
    }
  },
  "handles": [
    {
      "handle_id": 0,
      "handle_vertex_index": 137,
      "grasp_position": [
        -0.05921965277777777,
        -0.26938395833333334,
        0.049999999999999996
      ],
      "surface_normal": [
        0.052102191161283784,
        -0.011602205733411652,
        -0.9985743590230588
      ],
      "n_vertices_in_region": 98,
      "total_displacement": 0.05323729962828813,
      "total_rotation_deg": 167.50365335530054,
      "waypoints": [
        {
          "t": 0.0,
          "position": [
            -0.04728739783194075,
            -0.3292667659199441,
            0.03118998249026254
          ],
          "quaternion_wxyz": [
            0.2502402288554784,
            0.6613469799295122,
            0.7018518369260955,
            0.08604649326925921
          ],
          "rotation_matrix": [
            [
              0.0,
              0.8852705970794476,
              0.46507630550365187
            ],
            [
              0.9713997737529493,
              0.11043234626702948,
              -0.21020746049628777
            ],
            [
              -0.2374499516749996,
              0.45177501794410496,
              -0.8599516577150565
            ]
          ]
        },
        {
          "t": 0.0006666666666666666,
          "position": [
            -0.04726459773837845,
            -0.32926818879918274,
            0.03125161105653927
          ],
          "quaternion_wxyz": [
            0.2503723230017139,
            0.661258001929074,
            0.7018944112708961,
            0.0859987801435357
          ],
          "rotation_matrix": [
            [
              -0.00010310951804670031,
              0.8852031632018138,
              0.4652046315550375
            ],
            [
              0.9713300206430757,
              0.11068412939586121,
              -0.21039727777474657
            ],
            [
              -0.23773510545077595,
              0.4518455304096991,
              -0.8598358193753128
            ]
          ]
        },
        {
          "t": 0.0013333333333333333,
          "position": [
            -0.04726040524848702,
            -0.3292681811667118,
            0.03126296336533751
          ],
          "quaternion_wxyz": [
            0.2503984407914403,
            0.6612416369384104,
            0.701901679887692,
            0.08598924467084776
          ],
          "rotation_matrix": [
            [
              -0.00012023685551158481,
              0.8851900859738487,
              0.46522951027534293
            ],
            [
              0.9713163771373635,
              0.11073069475857228,
              -0.21043575917759486
            ],
            [
              -0.23779083465429418,
              0.45185974032406556,
              -0.8598129412985195
            ]
          ]
        },
        {
          "t": 0.002,
          "position": [
            -0.047200710009802846,
            -0.3292739528303978,
            0.031426137842339386
          ],
          "quaternion_wxyz": [
            0.25074289020357704,
            0.6610120299002448,
            0.7020114526991995,
            0.08585464238277485
          ],
          "rotation_matrix": [
            [
              -0.0003821986780867746,
              0.8850211483840943,
              0.4655506640865159
            ],
            [
              0.9711309130597586,
              0.1113841534156407,
              -0.21094624923239974
            ],
            [
              -0.23854685833527214,
              0.4520300181123121,
              -0.8595139667855803
            ]
          ]
        },
        {
          "t": 0.0026666666666666666,
          "position": [
            -0.04714219590274696,
            -0.329280132154967,
            0.03158512569286849
          ],
          "quaternion_wxyz": [
            0.25107460719823627,
            0.6607865715708982,
            0.7021208169997744,
            0.08572634826819056
          ],
          "rotation_matrix": [
            [
              -0.0006452969027167678,
              0.8848565965488902,
              0.4658630561980087
            ],
            [
              0.9709514334226493,
              0.11202420008703057,
              -0.21143295042868823
            ],
            [
              -0.23927577713623374,
              0.45219396516606974,
              -0.8592250696639203
            ]
          ]
        },
        {
          "t": 0.0033333333333333335,
          "position": [
            -0.047095233036924034,
            -0.3292854784386803,
            0.03171128078853402
          ],
          "quaternion_wxyz": [
            0.2513321182293414,
            0.660603998004984,
            0.7022120163281848,
            0.08563181821314188
          ],
          "rotation_matrix": [
            [
              -0.0008690483314246669,
              0.884724078345566,
              0.46611430995509506
            ],
            [
              0.97081218338478,
              0.11253909905735636,
              -0.21179862079969117
            ],
            [
              -0.239839424082892,
              0.4523253877163925,
              -0.8589987161099443
            ]
          ]
        },
        {
          "t": 0.004,
          "position": [
            -0.04705108443448668,
            -0.32929068942648604,
            0.031827701225250395
          ],
          "quaternion_wxyz": [
            0.2515640915991784,
            0.6604302500096205,
            0.7023019141267239,
            0.08555357446682185
          ],
          "rotation_matrix": [
            [
              -0.001094785379279265,
              0.884598442967442,
              0.46635222325928705
            ],
            [
              0.970687271944536,
              0.11302494153503133,
              -0.21211219359927216
            ],
            [
              -0.24034354896187524,
              0.45244995003250726,
              -0.8587921874258777
            ]
          ]
        },
        {
          "t": 0.004666666666666667,
          "position": [
            -0.04699628428449783,
            -0.32929720878021823,
            0.03196812573439657
          ],
          "quaternion_wxyz": [
            0.25183868444724483,
            0.6602109909236122,
            0.7024195758560838,
            0.08547200672560666
          ],
          "rotation_matrix": [
            [
              -0.0013974489581449505,
              0.8844399329756569,
              0.46665196033956013
            ],
            [
              0.9705405639008877,
              0.11363196705858943,
              -0.21245891339964967
            ],
            [
              -0.24093372731333812,
              0.4526077562462324,
              -0.8585436261625755
            ]
          ]
        },
        {
          "t": 0.005333333333333333,
          "position": [
            -0.046950111381162105,
            -0.32930293510411957,
            0.03208528265380085
          ],
          "quaternion_wxyz": [
            0.2520663261598634,
            0.6600257615406951,
            0.7025202061082573,
            0.0854044573105313
          ],
          "rotation_matrix": [
            [
              -0.0016571226368490904,
              0.8843076924819386,
              0.46690165876356227
            ],
            [
              0.9704180436515681,
              0.11414414554690723,
              -0.21274382385969973
            ],
            [
              -0.24142509086209735,
              0.45273725166864026,
              -0.8583372917737441
            ]
          ]
        },
        {
          "t": 0.006,
          "position": [
            -0.0468938884329545,
            -0.329309821301596,
            0.03222605225087464
          ],
          "quaternion_wxyz": [
            0.2523426295645968,
            0.6597991849323194,
            0.7026437300302453,
            0.08532304211791458
          ],
          "rotation_matrix": [
            [
              -0.001976465733203236,
              0.8841462391197172,
              0.4672060802558075
            ],
            [
              0.9702688023635189,
              0.11477002809145109,
              -0.21308752147783735
            ],
            [
              -0.24202178567437188,
              0.4528943237623821,
              -0.8580863515745574
            ]
          ]
        },
        {
          "t": 0.006666666666666667,
          "position": [
            -0.04684533315847274,
            -0.3293158741535716,
            0.032345641183494256
          ],
          "quaternion_wxyz": [
            0.25257880804706306,
            0.659604257260642,
            0.7027504025434865,
            0.08525280789586628
          ],
          "rotation_matrix": [
            [
              -0.0022523390573833475,
              0.8840082094137884,
              0.4674659481204264
            ],
            [
              0.9701404198196604,
              0.11530836509768126,
              -0.2133812240293143
            ],
            [
              -0.24253348799422655,
              0.45302700429595266,
              -0.8578718089410102
            ]
          ]
        },
        {
          "t": 0.007333333333333333,
          "position": [
            -0.04681587771939112,
            -0.32931929239431884,
            0.03241683455718746
          ],
          "quaternion_wxyz": [
            0.252718150229022,
            0.6594851804999668,
            0.7028164688032141,
            0.08521645630233914
          ],
          "rotation_matrix": [
            [
              -0.002425666490555846,
              0.8839226011596438,
              0.46762693602441113
            ],
            [
              0.9700655819847006,
              0.11563490455106193,
              -0.2135446920336982
            ],
            [
              -0.24283097575989704,
              0.4531108076425403,
              -0.8577433842384058
            ]
          ]
        },
        {
          "t": 0.008,
          "position": [
            -0.046748320129364564,
            -0.3293262690148058,
            0.032577650521599805
          ],
          "quaternion_wxyz": [
            0.2530221525974664,
            0.6592078377842077,
            0.7029741058096641,
            0.08515998743492954
          ],
          "rotation_matrix": [
            [
              -0.0028496337966891555,
              0.8837173539434028,
              0.4680123053091973
            ],
            [
              0.969906807289098,
              0.11638560628657015,
              -0.2138578402144554
            ],
            [
              -0.24345978057830503,
              0.45331890428529165,
              -0.8574551336682745
            ]
          ]
        },
        {
          "t": 0.008666666666666666,
          "position": [
            -0.04668338885060467,
            -0.32933269604898074,
            0.03273158052124511
          ],
          "quaternion_wxyz": [
            0.2533084530028172,
            0.6589396406968097,
            0.703127679935911,
            0.08511664504444515
          ],
          "rotation_matrix": [
            [
              -0.003266755110419419,
              0.8835158701970761,
              0.468389832741156
            ],
            [
              0.9697589329229285,
              0.11710741330813933,
              -0.21413422370577873
            ],
            [
              -0.2440429067294864,
              0.4535257003214048,
              -0.8571799687456162
            ]
          ]
        },
        {
          "t": 0.009333333333333334,
          "position": [
            -0.04664044342401394,
            -0.32933697071884094,
            0.03283348131813366
          ],
          "quaternion_wxyz": [
            0.25349490234622757,
            0.6587615212840939,
            0.7032303340694519,
            0.0850922429162025
          ],
          "rotation_matrix": [
            [
              -0.0035471851189471534,
              0.8833812697496711,
              0.46864160050888315
            ],
            [
              0.9696630689853862,
              0.1175851365405764,
              -0.21430648218892215
            ],
            [
              -0.24441961893701836,
              0.4536642678391518,
              -0.8569992893581544
            ]
          ]
        },
        {
          "t": 0.01,
          "position": [
            -0.04658641660196678,
            -0.3293413287177964,
            0.03296032703615997
          ],
          "quaternion_wxyz": [
            0.2537309411746151,
            0.6585322828917178,
            0.703362311795172,
            0.08507232350311195
          ],
          "rotation_matrix": [
            [
              -0.003911683759194749,
              0.8832026163494021,
              0.4689753055311923
            ],
            [
              0.9695445391926845,
              0.1181958643250714,
              -0.21450669960565008
            ],
            [
              -0.244883819901513,
              0.4538533641209019,
              -0.8567666185270737
            ]
          ]
        },
        {
          "t": 0.010666666666666666,
          "position": [
            -0.04655109613122,
            -0.3293438660862026,
            0.03304090345354243
          ],
          "quaternion_wxyz": [
            0.25388652217401125,
            0.6583820469384462,
            0.703447860694734,
            0.08506363154444467
          ],
          "rotation_matrix": [
            [
              -0.004149428254114541,
              0.883081865721891,
              0.46920059747686077
            ],
            [
              0.9694679040289922,
              0.11859451771388586,
              -0.21463299705184236
            ],
            [
              -0.24518312605181275,
              0.45398431558281066,
              -0.8566116248919348
            ]
          ]
        },
        {
          "t": 0.011333333333333334,
          "position": [
            -0.04651598330453381,
            -0.3293454187319802,
            0.03311892710391097
          ],
          "quaternion_wxyz": [
            0.25404553940937263,
            0.6582296167714603,
            0.7035335267437164,
            0.08506005089726769
          ],
          "rotation_matrix": [
            [
              -0.004389271021255714,
              0.8829549543611838,
              0.46943719799700356
            ],
            [
              0.9693914604125824,
              0.11899711869116146,
              -0.21475540090990508
            ],
            [
              -0.24548101917827456,
              0.4541257912804337,
              -0.8564513032933324
            ]
          ]
        },
        {
          "t": 0.012,
          "position": [
            -0.046475360985707384,
            -0.32934658598995736,
            0.033212150574364524
          ],
          "quaternion_wxyz": [
            0.2542318974644962,
            0.6580462966278802,
            0.7036377551446197,
            0.08505952821979547
          ],
          "rotation_matrix": [
            [
              -0.004682427610929631,
              0.8828027473646115,
              0.46972053831134536
            ],
            [
              0.9693021283934831,
              0.1194798963053752,
              -0.2148905262414603
            ],
            [
              -0.2458281081594899,
              0.45429490820191915,
              -0.8562620379394777
            ]
          ]
        },
        {
          "t": 0.012666666666666666,
          "position": [
            -0.04644308517241911,
            -0.32934712285135015,
            0.03328755239286924
          ],
          "quaternion_wxyz": [
            0.25438149869925325,
            0.6578984951612448,
            0.7037220168026981,
            0.08505848723810416
          ],
          "rotation_matrix": [
            [
              -0.004919246367245164,
              0.8826807008083968,
              0.4699474241124364
            ],
            [
              0.9692299226531356,
              0.11986924762532875,
              -0.2149993500109845
            ],
            [
              -0.24610802109382293,
              0.45442947075203505,
              -0.8561102137347969
            ]
          ]
        },
        {
          "t": 0.013333333333333334,
          "position": [
            -0.04638026681627446,
            -0.3293472746077564,
            0.03343685211055954
          ],
          "quaternion_wxyz": [
            0.2546745028292254,
            0.657607550130726,
            0.7038886411072421,
            0.08505285732973081
          ],
          "rotation_matrix": [
            [
              -0.005386415238565449,
              0.882443381374626,
              0.4703877817219881
            ],
            [
              0.969086557995101,
              0.12063664294088325,
              -0.21521627143590313
            ],
            [
              -0.24666217716104777,
              0.4546872321078623,
              -0.8558138181356939
            ]
          ]
        },
        {
          "t": 0.014,
          "position": [
            -0.04634040785366504,
            -0.3293480599696097,
            0.033533672773185266
          ],
          "quaternion_wxyz": [
            0.25485761706104615,
            0.6574240562659892,
            0.7039945340944597,
            0.08504646514619786
          ],
          "rotation_matrix": [
            [
              -0.005682410536539705,
              0.8822964054908552,
              0.47065992294091635
            ],
            [
              0.9689953632792144,
              0.12112141801647602,
              -0.21535456354271035
            ],
            [
              -0.24701355459087593,
              0.4548435499701331,
              -0.8556293875824267
            ]
          ]
        },
        {
          "t": 0.014666666666666666,
          "position": [
            -0.04631265905828998,
            -0.32934876199396534,
            0.03360107469863915
          ],
          "quaternion_wxyz": [
            0.2549840161154697,
            0.6572986182690906,
            0.7040670482181616,
            0.08503687177063382
          ],
          "rotation_matrix": [
            [
              -0.00588335589340291,
              0.8821985097584216,
              0.47084092377127895
            ],
            [
              0.9689306820881683,
              0.12145451372067358,
              -0.21545796435184292
            ],
            [
              -0.2472624505041747,
              0.4549446015403786,
              -0.855503763928405
            ]
          ]
        },
        {
          "t": 0.015333333333333332,
          "position": [
            -0.046303364424652146,
            -0.32934987924082865,
            0.03362522659643856
          ],
          "quaternion_wxyz": [
            0.25502306139839415,
            0.6572584465959153,
            0.7040910876632261,
            0.08503124606008373
          ],
          "rotation_matrix": [
            [
              -0.005949145065692969,
              0.8821697717067728,
              0.47089393875282365
            ],
            [
              0.9689094864476798,
              0.12156204314224273,
              -0.2154926373136313
            ],
            [
              -0.24734391996251043,
              0.4549716074083562,
              -0.8554658506951446
            ]
          ]
        },
        {
          "t": 0.016,
          "position": [
            -0.04625115284541939,
            -0.32935476460335456,
            0.0337653245475415
          ],
          "quaternion_wxyz": [
            0.2552467285683156,
            0.6570161669479448,
            0.7042373148146986,
            0.08502157577218879
          ],
          "rotation_matrix": [
            [
              -0.006357727847468999,
              0.881987644252563,
              0.4712296411270985
            ],
            [
              0.9687935605487165,
              0.1222021760431425,
              -0.21565172201322463
            ],
            [
              -0.24778744184017767,
              0.45515318690521733,
              -0.855240878414998
            ]
          ]
        },
        {
          "t": 0.016666666666666666,
          "position": [
            -0.046203428556651105,
            -0.3293591182256804,
            0.03389458460967557
          ],
          "quaternion_wxyz": [
            0.2554516082267483,
            0.6567912338009622,
            0.7043730878752791,
            0.0850194338585142
          ],
          "rotation_matrix": [
            [
              -0.0067395021122192145,
              0.8818154366614059,
              0.47154651390003594
            ],
            [
              0.9686888411020023,
              0.12279394213582831,
              -0.21578595157426375
            ],
            [
              -0.24818643845601512,
              0.4553275561990927,
              -0.8550323434397166
            ]
          ]
        },
        {
          "t": 0.017333333333333333,
          "position": [
            -0.046179087115549834,
            -0.32936063397988247,
            0.03396010543581512
          ],
          "quaternion_wxyz": [
            0.2555609064681445,
            0.6566725720651916,
            0.7044432488908507,
            0.08502626226389741
          ],
          "rotation_matrix": [
            [
              -0.006939512363995816,
              0.8817183429278906,
              0.47172513915095554
            ],
            [
              0.968635897560785,
              0.12310333564408568,
              -0.21584732267859655
            ],
            [
              -0.24838748181521403,
              0.45543202839900837,
              -0.8549183156194479
            ]
          ]
        },
        {
          "t": 0.018,
          "position": [
            -0.04615115684528362,
            -0.3293615760338938,
            0.03403514443910591
          ],
          "quaternion_wxyz": [
            0.255692938136428,
            0.6565320541176551,
            0.7045236365327925,
            0.08504839134177021
          ],
          "rotation_matrix": [
            [
              -0.007173566605489865,
              0.8815921543999021,
              0.4719574273565783
            ],
            [
              0.9685772466655729,
              0.12346486609111021,
              -0.21590401589699001
            ],
            [
              -0.24860944708847083,
              0.455578423693972,
              -0.8547757850329016
            ]
          ]
        },
        {
          "t": 0.018666666666666668,
          "position": [
            -0.04612651144700697,
            -0.3293638683891195,
            0.03410382036166136
          ],
          "quaternion_wxyz": [
            0.25580647380823957,
            0.6564104120026423,
            0.7045932386757982,
            0.08506930694830941
          ],
          "rotation_matrix": [
            [
              -0.007376837943695032,
              0.8814821173045794,
              0.4721597813542921
            ],
            [
              0.9685272350654646,
              0.1237771680583618,
              -0.21594954874114022
            ],
            [
              -0.24879826606336658,
              0.4557065827191096,
              -0.8546525219444833
            ]
          ]
        },
        {
          "t": 0.019333333333333334,
          "position": [
            -0.046084266430520826,
            -0.3293729220298736,
            0.03422884291652774
          ],
          "quaternion_wxyz": [
            0.25598316659200365,
            0.6562149847800037,
            0.7047090620099375,
            0.08508613337544481
          ],
          "rotation_matrix": [
            [
              -0.007709024342483562,
              0.881320057090514,
              0.4724569058739695
            ],
            [
              0.9684425285104318,
              0.12428448731344019,
              -0.21603804105564364
            ],
            [
              -0.24911772300209323,
              0.4558819180194019,
              -0.854465936655719
            ]
          ]
        },
        {
          "t": 0.02,
          "position": [
            -0.046040297857878734,
            -0.32938395240106855,
            0.03436110226674717
          ],
          "quaternion_wxyz": [
            0.25615831001685485,
            0.6560163747783234,
            0.7048290656414736,
            0.08509655961895574
          ],
          "rotation_matrix": [
            [
              -0.008050872463094274,
              0.881162435157727,
              0.47274511770491323
            ],
            [
              0.9683551987605425,
              0.12480218312609602,
              -0.21613103460168298
            ],
            [
              -0.2494461715155256,
              0.4560451490233227,
              -0.854282991498879
            ]
          ]
        },
        {
          "t": 0.020666666666666667,
          "position": [
            -0.04600417444908098,
            -0.32939503653231184,
            0.03447233954165624
          ],
          "quaternion_wxyz": [
            0.2562916603683292,
            0.6558593018990854,
            0.7049273048392282,
            0.08509204328367713
          ],
          "rotation_matrix": [
            [
              -0.008326321875243197,
              0.8810494979654887,
              0.4729507950021185
            ],
            [
              0.9682830221965729,
              0.1252158405631544,
              -0.21621512943255838
            ],
            [
              -0.2497171625812736,
              0.45614994837297007,
              -0.8541478579891342
            ]
          ]
        },
        {
          "t": 0.021333333333333333,
          "position": [
            -0.04596693965462864,
            -0.3294078868797807,
            0.03458880560820942
          ],
          "quaternion_wxyz": [
            0.2564243033192405,
            0.655699620879428,
            0.7050286779818583,
            0.0850831773558651
          ],
          "rotation_matrix": [
            [
              -0.008609167690697722,
              0.8809392847655123,
              0.4731509894133676
            ],
            [
              0.9682088626780266,
              0.12563772021785713,
              -0.21630247684154102
            ],
            [
              -0.24999496087148823,
              0.4562467970398572,
              -0.8540148591947719
            ]
          ]
        },
        {
          "t": 0.022,
          "position": [
            -0.04592913638946427,
            -0.32942260058350814,
            0.034709298607151724
          ],
          "quaternion_wxyz": [
            0.2565493067193454,
            0.6555422771967977,
            0.7051323236559297,
            0.08505987400090223
          ],
          "rotation_matrix": [
            [
              -0.008893552057985105,
              0.8808439949370076,
              0.47332310455919296
            ],
            [
              0.9681322017571269,
              0.12605828128382202,
              -0.21640090027139414
            ],
            [
              -0.2502817305566487,
              0.45631476668745136,
              -0.8538945421117746
            ]
          ]
        },
        {
          "t": 0.02266666666666667,
          "position": [
            -0.04589321642458041,
            -0.3294364675750034,
            0.03482364930141072
          ],
          "quaternion_wxyz": [
            0.25667540003407985,
            0.6553883708854387,
            0.7052305569303561,
            0.08505106640822055
          ],
          "rotation_matrix": [
            [
              -0.009167644650017154,
              0.8807387786203092,
              0.4735136303427027
            ],
            [
              0.9680608445967835,
              0.12646479882055686,
              -0.21648292268777614
            ],
            [
              -0.2505477109212435,
              0.4564053664096467,
              -0.8537681102385658
            ]
          ]
        },
        {
          "t": 0.023333333333333334,
          "position": [
            -0.04585531941048396,
            -0.3294518345923764,
            0.034945432335833956
          ],
          "quaternion_wxyz": [
            0.25681187491474816,
            0.6552257928744549,
            0.7053329570245149,
            0.08504258339130738
          ],
          "rotation_matrix": [
            [
              -0.009453642508692591,
              0.8806248014342988,
              0.4737199465258652
            ],
            [
              0.967984582589414,
              0.1268938387229945,
              -0.21657285508794144
            ],
            [
              -0.2508315700031724,
              0.4565062023530306,
              -0.8536308398240355
            ]
          ]
        },
        {
          "t": 0.024,
          "position": [
            -0.04582685236819193,
            -0.32946411329905706,
            0.03503797844844958
          ],
          "quaternion_wxyz": [
            0.2569131650170005,
            0.6551063385432251,
            0.705408668353231,
            0.08502894479856993
          ],
          "rotation_matrix": [
            [
              -0.009662621681939437,
              0.880545269147749,
              0.47386354862776664
            ],
            [
              0.9679254904546281,
              0.12721152749250755,
              -0.21665057627154605
            ],
            [
              -0.2510515458389789,
              0.4565711951584148,
              -0.8535314083730056
            ]
          ]
        },
        {
          "t": 0.024666666666666667,
          "position": [
            -0.0457820132518363,
            -0.32948447721279545,
            0.03518576002152101
          ],
          "quaternion_wxyz": [
            0.25707254375530453,
            0.654922300794674,
            0.7055252963486875,
            0.08499731396393871
          ],
          "rotation_matrix": [
            [
              -0.009980974337040673,
              0.8804275492780848,
              0.4740756380766876
            ],
            [
              0.9678294521322497,
              0.12770447308009641,
              -0.21678957340777433
            ],
            [
              -0.25140909238612047,
              0.45666059390028596,
              -0.8533783277304128
            ]
          ]
        },
        {
          "t": 0.025333333333333333,
          "position": [
            -0.04574989134242017,
            -0.32949984006191685,
            0.03529253143292401
          ],
          "quaternion_wxyz": [
            0.2571779797484557,
            0.6547958120056475,
            0.7056089730621604,
            0.08495827473843326
          ],
          "rotation_matrix": [
            [
              -0.010203862623800661,
              0.8803608060263154,
              0.47419482535620316
            ],
            [
              0.9677583958687465,
              0.12804907226531032,
              -0.21690348617563412
            ],
            [
              -0.2516735353803511,
              0.45669277014041987,
              -0.8532831565701711
            ]
          ]
        },
        {
          "t": 0.026,
          "position": [
            -0.045718531065286686,
            -0.32951584845091136,
            0.035397734231129525
          ],
          "quaternion_wxyz": [
            0.25726209690541935,
            0.6546812561909432,
            0.705692525953242,
            0.0848924325355796
          ],
          "rotation_matrix": [
            [
              -0.010417332575215642,
              0.8803281283374348,
              0.4742508467407049
            ],
            [
              0.967686549161308,
              0.12837145537952363,
              -0.21703343524356278
            ],
            [
              -0.25194090924666607,
              0.4566652558444673,
              -0.8532189767862652
            ]
          ]
        },
        {
          "t": 0.02666666666666667,
          "position": [
            -0.04566909574187224,
            -0.3295420845755307,
            0.03556512398930918
          ],
          "quaternion_wxyz": [
            0.2573686007754533,
            0.6545113075289296,
            0.7058281206088187,
            0.08475267435001141
          ],
          "rotation_matrix": [
            [
              -0.010752703302377863,
              0.8803196177990383,
              0.4742591589882003
            ],
            [
              0.9675703266386517,
              0.1288638650132254,
              -0.21725967711433342
            ],
            [
              -0.2523728241665558,
              0.45654296052600446,
              -0.8531567750490403
            ]
          ]
        },
        {
          "t": 0.027333333333333334,
          "position": [
            -0.04560814170886423,
            -0.3295750803228564,
            0.03577150996084591
          ],
          "quaternion_wxyz": [
            0.2574739966155451,
            0.6543113064789847,
            0.7059997674339863,
            0.08454693172280071
          ],
          "rotation_matrix": [
            [
              -0.011167710560230274,
              0.8803499875798684,
              0.4741931901696995
            ],
            [
              0.9674245332307264,
              0.129457061098689,
              -0.21755606595220325
            ],
            [
              -0.25291313675231275,
              0.45631652248593396,
              -0.853117914804385
            ]
          ]
        },
        {
          "t": 0.028,
          "position": [
            -0.045548547499097695,
            -0.32960730741597616,
            0.03597432053383145
          ],
          "quaternion_wxyz": [
            0.25757817241185743,
            0.654115007896043,
            0.7061674817321907,
            0.08434766912098433
          ],
          "rotation_matrix": [
            [
              -0.011574083083319333,
              0.8803772588567853,
              0.4741328112279749
            ],
            [
              0.9672817326961713,
              0.1300380543166722,
              -0.21784433437531525
            ],
            [
              -0.25344050621558745,
              0.45609865874741184,
              -0.8530779116198778
            ]
          ]
        },
        {
          "t": 0.028666666666666667,
          "position": [
            -0.04552047948185451,
            -0.3296224149584546,
            0.03607010254271834
          ],
          "quaternion_wxyz": [
            0.2576274427166241,
            0.6540222497174003,
            0.7062465831116592,
            0.08425414812927089
          ],
          "rotation_matrix": [
            [
              -0.011765995266831501,
              0.8803895968393957,
              0.47410517728315954
            ],
            [
              0.9672143197244958,
              0.13031227079384147,
              -0.2179797508899172
            ],
            [
              -0.2536888272529989,
              0.4559965678065567,
              -0.8530586785628357
            ]
          ]
        },
        {
          "t": 0.029333333333333333,
          "position": [
            -0.04549344206878245,
            -0.3296363553394038,
            0.03616354130050488
          ],
          "quaternion_wxyz": [
            0.25768900144641366,
            0.6539267152089326,
            0.7063212084694679,
            0.0841818278242769
          ],
          "rotation_matrix": [
            [
              -0.011952459338276844,
              0.8803791531669325,
              0.47411990611995003
            ],
            [
              0.9671500777766731,
              0.13058654199907688,
              -0.21810062380216746
            ],
            [
              -0.25392492152225143,
              0.4559382652417304,
              -0.8530195967936567
            ]
          ]
        },
        {
          "t": 0.03,
          "position": [
            -0.0454834539297076,
            -0.3296413163284753,
            0.03619845737685201
          ],
          "quaternion_wxyz": [
            0.2577150745799182,
            0.6538898158011369,
            0.7063484428509701,
            0.08416012362058557
          ],
          "rotation_matrix": [
            [
              -0.012022098250709969,
              0.8803694413006034,
              0.47413617872090563
            ],
            [
              0.9671267714445932,
              0.13069036476608384,
              -0.21814178075293147
            ],
            [
              -0.25401038779259727,
              0.4559272698306298,
              -0.8530000278510984
            ]
          ]
        },
        {
          "t": 0.030666666666666665,
          "position": [
            -0.045439960523850804,
            -0.32966589746071506,
            0.03634625628130159
          ],
          "quaternion_wxyz": [
            0.2577578829657192,
            0.6537572095818934,
            0.7064769212821498,
            0.08398061910001571
          ],
          "rotation_matrix": [
            [
              -0.012324769376518727,
              0.8804354282013006,
              0.474005861590505
            ],
            [
              0.967022094560635,
              0.13109753306918592,
              -0.2183614101720584
            ],
            [
              -0.25439412078331436,
              0.45568288708816673,
