{
  "metadata": {
    "n_handles": 2,
    "n_steps": 1501,
    "trajectory_direction": "rest_to_deformed",
    "influence_radius": 0.13600000739097595,
    "mesh_type": "tetrahedral",
    "handle_placement_method": "neural",
    "physics": {
      "w_strain": 5.0,
      "w_bend": 2.0,
      "w_reg": 0.0,
      "lambda_lame": 62.79966735839844,
      "mu_lame": 8.194999694824219
    }
  },
  "handles": [
    {
      "handle_id": 0,
      "handle_vertex_index": 347,
      "grasp_position": [
        0.08103936111111112,
        -0.45693822222222225,
        0.043993444444444446
      ],
      "surface_normal": [
        -0.7895413501074681,
        0.0011595504615592182,
        -0.6136962700825253
      ],
      "n_vertices_in_region": 87,
      "total_displacement": 0.06375449500336008,
      "total_rotation_deg": 124.75655660751393,
      "waypoints": [
        {
          "t": 0.0,
          "position": [
            0.033731996635138595,
            -0.4971371833541671,
            0.03950791572597957
          ],
          "quaternion_wxyz": [
            -0.4206345835603475,
            0.5683894326190568,
            0.6999273856639662,
            -0.10050698879981121
          ],
          "rotation_matrix": [
            [
              -0.0,
              0.7111092284643223,
              -0.7030815494574411
            ],
            [
              0.8802160899803513,
              0.3336635961776301,
              0.337473316755748
            ],
            [
              0.47457310810547365,
              -0.6188636924007558,
              -0.6259297846295706
            ]
          ]
        },
        {
          "t": 0.0006666666666666666,
          "position": [
            0.03377963925330163,
            -0.49711628878114555,
            0.039653082123704345
          ],
          "quaternion_wxyz": [
            -0.4205109224454563,
            0.5684232759697121,
            0.6999394551048815,
            -0.10074871030149009
          ],
          "rotation_matrix": [
            [
              -0.0001310868798637477,
              0.7109918898917903,
              -0.703200195761442
            ],
            [
              0.8804556223092449,
              0.3334893534157616,
              0.3370203974524242
            ],
            [
              0.47412854792498776,
              -0.6190923870147708,
              -0.6260405229520707
            ]
          ]
        },
        {
          "t": 0.0013333333333333333,
          "position": [
            0.03378840993895567,
            -0.4971119610679827,
            0.039679634742790855
          ],
          "quaternion_wxyz": [
            -0.4204876926079846,
            0.568430579380289,
            0.6999422316847722,
            -0.10078516306849297
          ],
          "rotation_matrix": [
            [
              -0.00015355358120394954,
              0.710979295240621,
              -0.7032129251905487
            ],
            [
              0.880494977912957,
              0.3334580546601601,
              0.33694854154445525
            ],
            [
              0.4740554506474388,
              -0.6191237093785225,
              -0.6260649025396959
            ]
          ]
        },
        {
          "t": 0.002,
          "position": [
            0.03391683998748825,
            -0.4970543003065493,
            0.04006916524036191
          ],
          "quaternion_wxyz": [
            -0.420148848445527,
            0.568508927058994,
            0.6999817999179303,
            -0.1014791840122076
          ],
          "rotation_matrix": [
            [
              -0.0005450900082572337,
              0.7106190794540774,
              -0.7035767383784968
            ],
            [
              0.8811645286709343,
              0.33299915013176534,
              0.3356495783108731
            ],
            [
              0.47280945029282184,
              -0.6197839058257087,
              -0.6263538407229825
            ]
          ]
        },
        {
          "t": 0.0026666666666666666,
          "position": [
            0.03404210789248946,
            -0.4969990837850305,
            0.040449595044546614
          ],
          "quaternion_wxyz": [
            -0.41981864288108584,
            0.5685832824208192,
            0.7000181031701703,
            -0.1021763831572011
          ],
          "rotation_matrix": [
            [
              -0.0009307160820991654,
              0.710246080683463,
              -0.7039528667716026
            ],
            [
              0.8818282827308499,
              0.33254607535182984,
              0.33435308812791237
            ],
            [
              0.4715697334867047,
              -0.6204543598324411,
              -0.6266245876275459
            ]
          ]
        },
        {
          "t": 0.0033333333333333335,
          "position": [
            0.03414099907360868,
            -0.4969580015702711,
            0.04075116471533261
          ],
          "quaternion_wxyz": [
            -0.4195613908790719,
            0.5686411558238701,
            0.7000414455738626,
            -0.1027494509268473
          ],
          "rotation_matrix": [
            [
              -0.0012309503738220807,
              0.7099253483832001,
              -0.7042758582251517
            ],
            [
              0.8823641585560851,
              0.33217957247392116,
              0.33330200017892697
            ],
            [
              0.4705655920846493,
              -0.6210174968124849,
              -0.626821579234453
            ]
          ]
        },
        {
          "t": 0.004,
          "position": [
            0.0342316742938067,
            -0.4969230091698928,
            0.04102903174860992
          ],
          "quaternion_wxyz": [
            -0.419329008270653,
            0.5686956259832706,
            0.7000563740760919,
            -0.10329346990822624
          ],
          "rotation_matrix": [
            [
              -0.0014969356204910102,
              0.7096100991602526,
              -0.704592979207238
            ],
            [
              0.882865892351224,
              0.33183148812250174,
              0.3323186416828037
            ],
            [
              0.46962280109020776,
              -0.6215636497201179,
              -0.6269872837928903
            ]
          ]
        },
        {
          "t": 0.004666666666666667,
          "position": [
            0.034340696186046744,
            -0.4968838918884655,
            0.041364581503016244
          ],
          "quaternion_wxyz": [
            -0.41905539795468333,
            0.568763177811504,
            0.7000649153536171,
            -0.10397180051213191
          ],
          "rotation_matrix": [
            [
              -0.001802042021600846,
              0.7092024033799701,
              -0.705002626717969
            ],
            [
              0.8834821803398404,
              0.3313966245269251,
              0.3311125401895042
            ],
            [
              0.46846130007045694,
              -0.6222605790868055,
              -0.6271648762853669
            ]
          ]
        },
        {
          "t": 0.005333333333333333,
          "position": [
            0.034431803987347,
            -0.49685136419599435,
            0.041645105141513705
          ],
          "quaternion_wxyz": [
            -0.4188270433891498,
            0.5688207411735928,
            0.7000696383005685,
            -0.10454364479172841
          ],
          "rotation_matrix": [
            [
              -0.0020537442732528758,
              0.7088568497536213,
              -0.705349380581314
            ],
            [
              0.8839996723677652,
              0.331027181487648,
              0.33009935529572915
            ],
            [
              0.46748300652038094,
              -0.6228506816781446,
              -0.6273090681178796
            ]
          ]
        },
        {
          "t": 0.006,
          "position": [
            0.034542120613174424,
            -0.4968107832319332,
            0.04198416525416097
          ],
          "quaternion_wxyz": [
            -0.4185490965281308,
            0.5688907359319307,
            0.7000747717332736,
            -0.10523924338818037
          ],
          "rotation_matrix": [
            [
              -0.0023599687326201746,
              0.7084365237161834,
              -0.7057705876608373
            ],
            [
              0.8846276846750524,
              0.3305760644426979,
              0.3288667285096878
            ],
            [
              0.46629206518150024,
              -0.6235680856776756,
              -0.6274827108918885
            ]
          ]
        },
        {
          "t": 0.006666666666666667,
          "position": [
            0.03463659544983967,
            -0.4967741710867063,
            0.042274106513933415
          ],
          "quaternion_wxyz": [
            -0.41830738826892544,
            0.5689513176792341,
            0.7000800858229163,
            -0.10583572395402147
          ],
          "rotation_matrix": [
            [
              -0.0026266540613835944,
              0.7080792440719619,
              -0.7061280937602864
            ],
            [
              0.8851667051641517,
              0.3301863952912631,
              0.32780611408275445
            ],
            [
              0.4652665953563332,
              -0.6241800449167343,
              -0.6276354569082677
            ]
          ]
        },
        {
          "t": 0.007333333333333333,
          "position": [
            0.03469267724865309,
            -0.4967533930019285,
            0.042446852325193005
          ],
          "quaternion_wxyz": [
            -0.4181630763658242,
            0.5689874366321821,
            0.7000822357848626,
            -0.10619699457836121
          ],
          "rotation_matrix": [
            [
              -0.002785877038013326,
              0.7078606696321259,
              -0.706346594294687
            ],
            [
              0.8854913174480534,
              0.32995099059340594,
              0.3271658150344824
            ],
            [
              0.46464757140270574,
              -0.6245523326252205,
              -0.627723679812337
            ]
          ]
        },
        {
          "t": 0.008,
          "position": [
            0.034817067303052555,
            -0.49671491350019514,
            0.04283364841703076
          ],
          "quaternion_wxyz": [
            -0.4178470878437031,
            0.5690689355171862,
            0.7000782252348479,
            -0.10702726924433194
          ],
          "rotation_matrix": [
            [
              -0.0031287156197424863,
              0.7073434752766968,
              -0.7068630837132995
            ],
            [
              0.8862276063722845,
              0.3294114205337592,
              0.3257126735670904
            ],
            [
              0.4632395069933219,
              -0.6254225163828314,
              -0.6278979496360259
            ]
          ]
        },
        {
          "t": 0.008666666666666666,
          "position": [
            0.03493515940929519,
            -0.4966813511409761,
            0.04320236397445218
          ],
          "quaternion_wxyz": [
            -0.4175489136676138,
            0.5691465413323876,
            0.7000703934075451,
            -0.10782654338603946
          ],
          "rotation_matrix": [
            [
              -0.0034502383687473716,
              0.7068395740810705,
              -0.7073654729789342
            ],
            [
              0.886930998303721,
              0.32889130206048334,
              0.32432069880531295
            ],
            [
              0.461889056051729,
              -0.6262653813959927,
              -0.6280526824715778
            ]
          ]
        },
        {
          "t": 0.009333333333333334,
          "position": [
            0.03501253663047658,
            -0.4966615060795722,
            0.04344487819063343
          ],
          "quaternion_wxyz": [
            -0.4173574450310395,
            0.5691972438025062,
            0.7000617318393807,
            -0.1083551214241394
          ],
          "rotation_matrix": [
            [
              -0.0036545214495806813,
              0.7065007832395603,
              -0.7077028244605824
            ],
            [
              0.8873920497751383,
              0.32854733061646624,
              0.3234068668679077
            ],
            [
              0.46100107859531825,
              -0.6268279626978202,
              -0.628143861475395
            ]
          ]
        },
        {
          "t": 0.01,
          "position": [
            0.0351089862230254,
            -0.49663892153965766,
            0.043747130156389966
          ],
          "quaternion_wxyz": [
            -0.41712424311333374,
            0.5692592633984046,
            0.7000464128900556,
            -0.1090242020929299
          ],
          "rotation_matrix": [
            [
              -0.003902513684463514,
              0.7060625351324854,
              -0.7081387341925695
            ],
            [
              0.8879690862498281,
              0.3281152287850994,
              0.3222596755732757
            ],
            [
              0.4598865862892521,
              -0.62754768194521,
              -0.6282421783290062
            ]
          ]
        },
        {
          "t": 0.010666666666666666,
          "position": [
            0.03517103760551202,
            -0.49662204603479015,
            0.04394097555277588
          ],
          "quaternion_wxyz": [
            -0.4169785221592976,
            0.5692966289119383,
            0.700035707829181,
            -0.10945441120141518
          ],
          "rotation_matrix": [
            [
              -0.0040605207346965785,
              0.7057756599147123,
              -0.7084237644503038
            ],
            [
              0.8883362144221882,
              0.3278421603549972,
              0.32152494154648453
            ],
            [
              0.45917565518504133,
              -0.6280129264266271,
              -0.6282972878515483
            ]
          ]
        },
        {
          "t": 0.011333333333333334,
          "position": [
            0.03523227763949446,
            -0.4966041558468079,
            0.04413130635780327
          ],
          "quaternion_wxyz": [
            -0.41683564091910463,
            0.5693311440981322,
            0.7000254707675081,
            -0.1098837435483509
          ],
          "rotation_matrix": [
            [
              -0.0042201936389360505,
              0.7054856830002704,
              -0.7087116063970714
            ],
            [
              0.8886995256756852,
              0.32757522252631344,
              0.32079218607580734
            ],
            [
              0.4584706566691641,
              -0.6284778633028324,
              -0.6283472227254676
            ]
          ]
        },
        {
          "t": 0.012,
          "position": [
            0.03530448952274471,
            -0.49658986492322105,
            0.04435621073403181
          ],
          "quaternion_wxyz": [
            -0.41666258192718014,
            0.5693749812777018,
            0.7000114924351897,
            -0.11040078792948367
          ],
          "rotation_matrix": [
            [
              -0.004408847033578274,
              0.7051383061055448,
              -0.7090560847528657
            ],
            [
              0.8891378154886637,
              0.32724759343802196,
              0.3199108589181028
            ],
            [
              0.4576182985120608,
              -0.6290381402147567,
              -0.6284079176913981
            ]
          ]
        },
        {
          "t": 0.012666666666666666,
          "position": [
            0.03536249479362727,
            -0.49658120320968063,
            0.0445371883712663
          ],
          "quaternion_wxyz": [
            -0.41652039198895124,
            0.5694110099424113,
            0.7000002235744656,
            -0.11082216298841924
          ],
          "rotation_matrix": [
            [
              -0.004563729627460744,
              0.7048562869905091,
              -0.7093354545322452
            ],
            [
              0.8894950500676513,
              0.3269790998927547,
              0.3191915163896438
            ],
            [
              0.4569220155280617,
              -0.6294936718637373,
              -0.6284584224946254
            ]
          ]
        },
        {
          "t": 0.013333333333333334,
          "position": [
            0.035476675104600716,
            -0.49656927670377643,
            0.04489392553963475
          ],
          "quaternion_wxyz": [
            -0.41623438277386604,
            0.5694837775763589,
            0.6999775746664529,
            -0.11166270925554808
          ],
          "rotation_matrix": [
            [
              -0.004874331348430342,
              0.7042960291455077,
              -0.7098896704547857
            ],
            [
              0.8902074646100109,
              0.3264393328770356,
              0.31775467250705336
            ],
            [
              0.45552926453051784,
              -0.6304002421270786,
              -0.628560755915887
            ]
          ]
        },
        {
          "t": 0.014,
          "position": [
            0.035549449010180235,
            -0.49656424046742287,
            0.045122338470898644
          ],
          "quaternion_wxyz": [
            -0.4160516559359285,
            0.5695318701646441,
            0.6999615944931424,
            -0.11219730252707605
          ],
          "rotation_matrix": [
            [
              -0.0050689369194621275,
              0.7039411248919548,
              -0.7102402400307847
            ],
            [
              0.8906606189248297,
              0.32609042834371604,
              0.31684174983058155
            ],
            [
              0.4546404818888636,
              -0.6309769609277943,
              -0.6286255697959873
            ]
          ]
        },
        {
          "t": 0.014666666666666666,
          "position": [
            0.03559978895785095,
            -0.49656112111985523,
            0.045280472158158884
          ],
          "quaternion_wxyz": [
            -0.41592619676271475,
            0.5695647680906549,
            0.6999500923739448,
            -0.11256661131102934
          ],
          "rotation_matrix": [
            [
              -0.005202747592676756,
              0.7036950190234827,
              -0.7104831114204327
            ],
            [
              0.890972629124872,
              0.3258494659344761,
              0.3162117956325867
            ],
            [
              0.45402720795673956,
              -0.6313758355725779,
              -0.6286683137276584
            ]
          ]
        },
        {
          "t": 0.015333333333333332,
          "position": [
            0.03561664841986011,
            -0.49656186161404764,
            0.04533438694451077
          ],
          "quaternion_wxyz": [
            -0.41588538005241604,
            0.5695772088596321,
            0.6999448365180099,
            -0.11268708727314272
          ],
          "rotation_matrix": [
            [
              -0.005242307612649589,
              0.7036154284417112,
              -0.710561641987741
            ],
            [
              0.89107507691321,
              0.32576684701802816,
              0.31600817819275684
            ],
            [
              0.4538256554142838,
              -0.6315071577076029,
              -0.628681942039853
            ]
          ]
        },
        {
          "t": 0.016,
          "position": [
            0.03571592633422577,
            -0.4965689548663667,
            0.04565092730583881
          ],
          "quaternion_wxyz": [
            -0.4156324580262823,
            0.5696565009203767,
            0.6999143922537577,
            -0.11340623576433818
          ],
          "rotation_matrix": [
            [
              -0.0054822615883597875,
              0.7031509422153105,
              -0.7110194774155156
            ],
            [
              0.8916921923214036,
              0.32526099329672997,
              0.3147861502501834
            ],
            [
              0.4526090796240378,
              -0.632284776579795,
              -0.6287773710483359
            ]
          ]
        },
        {
          "t": 0.016666666666666666,
          "position": [
            0.03580745769030109,
            -0.49657645980063597,
            0.04594315637194207
          ],
          "quaternion_wxyz": [
            -0.4153977780549234,
            0.5697305177958624,
            0.6998853593409384,
            -0.11407149889125105
          ],
          "rotation_matrix": [
            [
              -0.005703646158174664,
              0.7027220019900882,
              -0.7114416745835052
            ],
            [
              0.8922621907065008,
              0.3247896604644233,
              0.31365563838021665
            ],
            [
              0.451481618068036,
              -0.633003526346942,
              -0.6288647582542194
            ]
          ]
        },
        {
          "t": 0.017333333333333333,
          "position": [
            0.03585451793827759,
            -0.49657943140724214,
            0.046093327276130226
          ],
          "quaternion_wxyz": [
            -0.4152741376774192,
            0.5697671301873728,
            0.6998720073292028,
            -0.11442019616882944
          ],
          "rotation_matrix": [
            [
              -0.0058256158686344345,
              0.7024966336327052,
              -0.7116632222681629
            ],
            [
              0.8925596268214028,
              0.3245468721323645,
              0.3130601225870174
            ],
            [
              0.45089175504258494,
              -0.6333780920722086,
              -0.6289108185686721
            ]
          ]
        },
        {
          "t": 0.018,
          "position": [
            0.03590863757783295,
            -0.4965824245694844,
            0.046267051182599925
          ],
          "quaternion_wxyz": [
            -0.41512743955065107,
            0.5698068861716089,
            0.6998592725772439,
            -0.11483170290118903
          ],
          "rotation_matrix": [
            [
              -0.005978642807063079,
              0.7022296841195278,
              -0.7119253658679479
            ],
            [
              0.892908847339103,
              0.324267584959358,
              0.3123528832664145
            ],
            [
              0.45019778561309326,
              -0.6338170115098121,
              -0.6289657778806145
            ]
          ]
        },
        {
          "t": 0.018666666666666668,
          "position": [
            0.03595603589106474,
            -0.49658772111690935,
            0.04642166760622281
          ],
          "quaternion_wxyz": [
            -0.41499963025566333,
            0.5698424044630928,
            0.6998470364941395,
            -0.11519143402942075
          ],
          "rotation_matrix": [
            [
              -0.006109881926759426,
              0.7019962310003406,
              -0.712154450241516
            ],
            [
              0.8932138411247852,
              0.32402113520283604,
              0.31173600684174413
            ],
            [
              0.44959059527879414,
              -0.6342015417802113,
              -0.6290124808265638
            ]
          ]
        },
        {
          "t": 0.019333333333333334,
          "position": [
            0.03603658861320106,
            -0.4966051752698821,
            0.046688800095045814
          ],
          "quaternion_wxyz": [
            -0.4147902132159776,
            0.5699094434323198,
            0.6998195244942573,
            -0.11577969789016973
          ],
          "rotation_matrix": [
            [
              -0.006304610613805897,
              0.7016189402649158,
              -0.7125244659246339
            ],
            [
              0.8937160825618211,
              0.32359657568515315,
              0.31073593286239143
            ],
            [
              0.448588693184027,
              -0.6348355053552021,
              -0.6290882811521568
            ]
          ]
        },
        {
          "t": 0.02,
          "position": [
            0.036120035327744035,
            -0.49662602845292164,
            0.04696716469833122
          ],
          "quaternion_wxyz": [
            -0.41457691280416675,
            0.5699813358637278,
            0.6997875625190677,
            -0.1163813880325744
          ],
          "rotation_matrix": [
            [
              -0.006494520273523839,
              0.7012336262916845,
              -0.7129019726153604
            ],
            [
              0.8942297725264416,
              0.3231532985721287,
              0.30971770944834254
            ],
            [
              0.44756109653422455,
              -0.6354867008624036,
              -0.6291627117775023
            ]
          ]
        },
        {
          "t": 0.020666666666666667,
          "position": [
            0.03618844527335898,
            -0.4966464242535034,
            0.047196103066650584
          ],
          "quaternion_wxyz": [
            -0.4144067698772972,
            0.5700442824769696,
            0.6997573432811719,
            -0.11685976903647259
          ],
          "rotation_matrix": [
            [
              -0.006633090190353889,
              0.7009303864850114,
              -0.7131988470343603
            ],
            [
              0.8946403041461799,
              0.3227866207910247,
              0.30891345654116553
            ],
            [
              0.4467378742718707,
              -0.6360073826092737,
              -0.6292216469199607
            ]
          ]
        },
        {
          "t": 0.021333333333333333,
          "position": [
            0.03625880362880545,
            -0.4966691316863825,
            0.04743287148032461
          ],
          "quaternion_wxyz": [
            -0.41423342667038754,
            0.5701102522753988,
            0.6997243679612086,
            -0.1173489555159183
          ],
          "rotation_matrix": [
            [
              -0.006769936958770365,
              0.7006203519617411,
              -0.7135021305961348
            ],
            [
              0.8950597918010604,
              0.32240704577851664,
              0.30809359930073643
            ],
            [
              0.4458947600631897,
              -0.636541294216323,
              -0.6292797817352097
            ]
          ]
        },
        {
          "t": 0.022,
          "position": [
            0.036330520014080527,
            -0.49669500925845655,
            0.04767370659140298
          ],
          "quaternion_wxyz": [
            -0.4140588581623681,
            0.5701817652635282,
            0.6996885044222614,
            -0.11783044308489127
          ],
          "rotation_matrix": [
            [
              -0.00689603307647579,
              0.7003217757287984,
              -0.7137939864992663
            ],
            [
              0.8954767306119009,
              0.32201748248567946,
              0.3072884083444709
            ],
            [
              0.44505490634035444,
              -0.6370668343328377,
              -0.6293424973181344
            ]
          ]
        },
        {
          "t": 0.02266666666666667,
          "position": [
            0.03639839670054548,
            -0.49671824816941146,
            0.047903658249112385
          ],
          "quaternion_wxyz": [
            -0.41389011240104245,
            0.5702453094768616,
            0.6996566369891677,
            -0.11830406668115329
          ],
          "rotation_matrix": [
            [
              -0.007030523752571678,
              0.7000220640601561,
              -0.7140866064836735
            ],
            [
              0.8958815978859247,
              0.32164886965158995,
              0.30649333959792785
            ],
            [
              0.4442372500166094,
              -0.6375822413414831,
              -0.6293982453254534
            ]
          ]
        },
        {
          "t": 0.023333333333333334,
          "position": [
            0.03647024122894276,
            -0.49674327392845874,
            0.04814745596974863
          ],
          "quaternion_wxyz": [
            -0.41370972017805147,
            0.5703114855342352,
            0.6996242591698405,
            -0.11880645133570818
          ],
          "rotation_matrix": [
            [
              -0.007178153795854781,
              0.699704733648621,
              -0.7143960804850779
            ],
            [
              0.8963102685995088,
              0.3212596731764122,
              0.3056470591881035
            ],
            [
              0.44336934547660317,
              -0.6381265611879139,
              -0.6294585891011745
            ]
          ]
        },
        {
          "t": 0.024,
          "position": [
            0.03652454085656141,
            -0.49676337582955965,
            0.048330751261094665
          ],
          "quaternion_wxyz": [
            -0.41357404173969525,
            0.5703632620670513,
            0.699599510030205,
            -0.11917544566235959
          ],
          "rotation_matrix": [
            [
              -0.007284522566640027,
              0.6994759758828817,
              -0.7146189858157385
            ],
            [
              0.8966274588388418,
              0.3209659248697337,
              0.3050247123191744
            ],
            [
              0.44272580203142725,
              -0.6385250458896845,
              -0.6295074502992876
            ]
          ]
        },
        {
          "t": 0.024666666666666667,
          "position": [
            0.03661063983671283,
            -0.49679690325791365,
            0.048620307096157764
          ],
          "quaternion_wxyz": [
            -0.413358083033271,
            0.5704488517001044,
            0.6995598237146076,
            -0.11974663180849272
          ],
          "rotation_matrix": [
            [
              -0.007446405570173002,
              0.6991297199165811,
              -0.7149560726143234
            ],
            [
              0.8971226726138908,
              0.32049770352802187,
              0.3040594223372355
            ],
            [
              0.44171875817468675,
              -0.6391391528891379,
              -0.629591678721907
            ]
          ]
        },
        {
          "t": 0.025333333333333333,
          "position": [
            0.03667266019177407,
            -0.49682311151512654,
            0.04882682377626383
          ],
          "quaternion_wxyz": [
            -0.4132068735806282,
            0.5705148107454613,
            0.6995285956660142,
            -0.1201360653231456
          ],
          "rotation_matrix": [
            [
              -0.007545860691576061,
              0.698900752819589,
              -0.7151788571324569
            ],
            [
              0.89746494464652,
              0.3201603530564032,
              0.30340405642987023
            ],
            [
              0.4410212388471062,
              -0.6395585086856638,
              -0.6296548108675367
            ]
          ]
        },
        {
          "t": 0.026,
          "position": [
            0.036733605161554446,
            -0.4968522140803315,
            0.04902636520757125
          ],
          "quaternion_wxyz": [
            -0.41306569264056425,
            0.5705878134468916,
            0.6994929598452452,
            -0.12048186517565225
          ],
          "rotation_matrix": [
            [
              -0.007612561418521196,
              0.698710466778001,
              -0.715364055931083
            ],
            [
              0.8977781671367421,
              0.3198273346182994,
              0.302828067788026
            ],
            [
              0.4403821198895743,
              -0.6399329337040263,
              -0.6297217074530794
            ]
          ]
        },
        {
          "t": 0.02666666666666667,
          "position": [
            0.03683024488895831,
            -0.49690242216602604,
            0.049339097651972134
          ],
          "quaternion_wxyz": [
            -0.41285049673129254,
            0.5707152336646494,
            0.699428958473643,
            -0.12098645155679573
          ],
          "rotation_matrix": [
            [
              -0.007677178823648455,
              0.6984508896858875,
              -0.7156168078077508
            ],
            [
              0.8982481561789133,
              0.31929280120451836,
              0.3019972798169517
            ],
            [
              0.43942156392658466,
              -0.6404829910225435,
              -0.6298334917755858
            ]
          ]
        },
        {
          "t": 0.027333333333333334,
          "position": [
            0.03694982384756653,
            -0.49696802567071763,
            0.04972163578742838
          ],
          "quaternion_wxyz": [
            -0.41259532718604586,
            0.5708803186561707,
            0.6993440753796093,
            -0.12156735576094403
          ],
          "rotation_matrix": [
            [
              -0.007721515510526849,
              0.6981672913530076,
              -0.7158930167823122
            ],
            [
              0.8987997830554303,
              0.31863407956756357,
              0.3010502836974749
            ],
            [
              0.43829137360313886,
              -0.6411199237398226,
              -0.629972947993809
            ]
          ]
        },
        {
          "t": 0.028,
          "position": [
            0.03706683736360671,
            -0.49703208273440386,
            0.05009710588033077
          ],
          "quaternion_wxyz": [
            -0.4123423650812466,
            0.5710436660140497,
            0.6992598745406531,
            -0.12214144800938224
          ],
          "rotation_matrix": [
            [
              -0.007765810928866209,
              0.6978876574127983,
              -0.7161651414346765
            ],
            [
              0.89934403160045,
              0.3179811963657353,
              0.3001137643946947
            ],
            [
              0.4371727404613199,
              -0.6417482188381305,
              -0.630110481273496
            ]
          ]
        },
        {
          "t": 0.028666666666666667,
          "position": [
            0.03712201189036145,
            -0.4970621932630895,
            0.05027442442790638
          ],
          "quaternion_wxyz": [
            -0.41222220060545006,
            0.5711210008417112,
            0.6992199372025458,
            -0.12241380291466243
          ],
          "rotation_matrix": [
            [
              -0.007787319451112997,
              0.6977550062408993,
              -0.7162941497151749
            ],
            [
              0.899601755129859,
              0.3176713265059888,
              0.29966916838389146
            ],
            [
              0.43664177516613945,
              -0.6420458547291676,
              -0.6301754363666856
            ]
          ]
        },
        {
          "t": 0.029333333333333333,
          "position": [
            0.037175277663591196,
            -0.49708910404914297,
            0.05044899248362473
          ],
          "quaternion_wxyz": [
            -0.41209703435005174,
            0.571193128173202,
            0.6991835723729674,
            -0.12270605825051914
          ],
          "rotation_matrix": [
            [
              -0.007828889215197551,
              0.6976040983360463,
              -0.7164406677967583
            ],
            [
              0.899871309144444,
              0.31736326719159025,
              0.2991858680032124
            ],
            [
              0.4360852387659031,
              -0.6423621086392394,
              -0.63023851509577
            ]
          ]
        },
        {
          "t": 0.03,
          "position": [
            0.037195058046956914,
            -0.497098366422268,
            0.050514826623011544
          ],
          "quaternion_wxyz": [
            -0.4120475411124529,
            0.5712192180421211,
            0.6991707354927381,
            -0.12282390415987018
          ],
          "rotation_matrix": [
            [
              -0.007850857605047801,
              0.6975409462120158,
              -0.7165019137358732
            ],
            [
              0.899978097008743,
              0.3172457870114764,
              0.29898918964518495
            ],
            [
              0.4358644157723617,
              -0.6424887072737815,
              -0.6302622248589624
            ]
          ]
        },
        {
          "t": 0.030666666666666665,
          "position": [
            0.03728085700965166,
            -0.49714912496759367,
            0.050785240683447634
          ],
          "quaternion_wxyz": [
            -0.4118709783855421,
            0.571345252417768,
            0.6991052428886605,
            -0.12320210659319183
          ],
          "rotation_matrix": [
            [
              -0.007853799406815243,
              0.6973741785638532,
              -0.7166641981443796
            ],
            [
              0.9003476672917464,
              0.31677168694028146,
              0.2983785789094355
            ],
            [
              0.4351004433856431,
              -0.6429035335247572,
              -0.6303670761882171
            ]
