{
  "metadata": {
    "n_handles": 2,
    "n_steps": 1501,
    "trajectory_direction": "rest_to_deformed",
    "influence_radius": 0.13600000739097595,
    "mesh_type": "tetrahedral",
    "handle_placement_method": "strain E",
    "physics": {
      "w_strain": 5.0,
      "w_bend": 2.0,
      "w_reg": 0.0,
      "lambda_lame": 62.79966735839844,
      "mu_lame": 8.194999694824219
    }
  },
  "handles": [
    {
      "handle_id": 0,
      "handle_vertex_index": 105,
      "grasp_position": [
        -0.05542675,
        -0.25304763888888887,
        0.005555555555555552
      ],
      "surface_normal": [
        0.08824835619719372,
        0.01117301800633842,
        0.9960358383598068
      ],
      "n_vertices_in_region": 96,
      "total_displacement": 0.0611673834715936,
      "total_rotation_deg": 99.32774147027769,
      "waypoints": [
        {
          "t": 0.0,
          "position": [
            -0.051767178027836334,
            -0.3189167763953688,
            0.001659681964989788
          ],
          "quaternion_wxyz": [
            -0.5680052702012269,
            0.4211531942460263,
            -0.2898595039411984,
            0.6449662533613386
          ],
          "rotation_matrix": [
            [
              0.0,
              0.4885379500856386,
              0.8725426472794371
            ],
            [
              -0.9768389739551694,
              -0.18670296199645617,
              0.1045352712711909
            ],
            [
              0.21397574385457335,
              -0.8523336643005726,
              0.4772229099017707
            ]
          ]
        },
        {
          "t": 0.0006666666666666666,
          "position": [
            -0.05174528637611797,
            -0.3189256480863913,
            0.0017170910047336868
          ],
          "quaternion_wxyz": [
            -0.5680165475021637,
            0.4212023884725691,
            -0.28972544515816445,
            0.6449844309257617
          ],
          "rotation_matrix": [
            [
              0.00010850058254916126,
              0.4886575602884903,
              0.8724756598300092
            ],
            [
              -0.9767897582959932,
              -0.18683273638251946,
              0.10476305025940809
            ],
            [
              0.21420027150212867,
              -0.8522366557364746,
              0.47729542874492137
            ]
          ]
        },
        {
          "t": 0.0013333333333333333,
          "position": [
            -0.05174129871265928,
            -0.3189270453415939,
            0.0017276650481098034
          ],
          "quaternion_wxyz": [
            -0.5680165302369711,
            0.4212094938276454,
            -0.2896998923058944,
            0.6449912837278997
          ],
          "rotation_matrix": [
            [
              0.0001204326259778859,
              0.4886827320303317,
              0.8724615595581504
            ],
            [
              -0.9767801120306022,
              -0.18686238755027873,
              0.10480009950507764
            ],
            [
              0.21424424900886893,
              -0.8522157212387901,
              0.47731306941393264
            ]
          ]
        },
        {
          "t": 0.002,
          "position": [
            -0.051683642726163194,
            -0.3189524262520724,
            0.0018794393633788317
          ],
          "quaternion_wxyz": [
            -0.5680557301989868,
            0.42135785729177005,
            -0.28935323063713586,
            0.6450154660211156
          ],
          "rotation_matrix": [
            [
              0.00045951302683052894,
              0.4889669485551852,
              0.8723021907938182
            ],
            [
              -0.9766519776019605,
              -0.18717479061516343,
              0.10543487278946122
            ],
            [
              0.2148271479349517,
              -0.8519841084028338,
              0.47746452803579026
            ]
          ]
        },
        {
          "t": 0.0026666666666666666,
          "position": [
            -0.05162728736832242,
            -0.3189773780463095,
            0.002027439624952676
          ],
          "quaternion_wxyz": [
            -0.5681001109127347,
            0.42150603837165534,
            -0.2890139498932694,
            0.6450316739232748
          ],
          "rotation_matrix": [
            [
              0.0008101528056560898,
              0.489242880886851,
              0.8721472049770327
            ],
            [
              -0.9765273811013928,
              -0.18746640149532415,
              0.10606895052478486
            ],
            [
              0.2153917770194453,
              -0.8517615580689816,
              0.477607192765755
            ]
          ]
        },
        {
          "t": 0.0033333333333333335,
          "position": [
            -0.05158218663547309,
            -0.3189975576818424,
            0.0021451614612387608
          ],
          "quaternion_wxyz": [
            -0.568142004065912,
            0.42162506582550396,
            -0.28874355225376963,
            0.6450380826861956
          ],
          "rotation_matrix": [
            [
              0.0011060658327801149,
              0.4894634195390499,
              0.8720231290205537
            ],
            [
              -0.9764294964417105,
              -0.1876836484949521,
              0.10658464505730184
            ],
            [
              0.21583376726747214,
              -0.8515869943892603,
              0.4777189297981366
            ]
          ]
        },
        {
          "t": 0.004,
          "position": [
            -0.0515400947091432,
            -0.31901630717759205,
            0.002254313011060671
          ],
          "quaternion_wxyz": [
            -0.5681863460077725,
            0.42173502728459694,
            -0.2884889793375633,
            0.6450410465794923
          ],
          "rotation_matrix": [
            [
              0.0013923140568054893,
              0.48967521541567915,
              0.8719038048227898
            ],
            [
              -0.9763388457045308,
              -0.1878767700214767,
              0.10707370195534353
            ],
            [
              0.21624180869068815,
              -0.8514226345864173,
              0.47782735112317076
            ]
          ]
        },
        {
          "t": 0.004666666666666667,
          "position": [
            -0.0514884885735925,
            -0.3190390822291423,
            0.0023866301268164612
          ],
          "quaternion_wxyz": [
            -0.5682484942808178,
            0.4218657972729831,
            -0.28817403065464176,
            0.6450415691217669
          ],
          "rotation_matrix": [
            [
              0.0017542043223692874,
              0.4899462664110625,
              0.8717508696825811
            ],
            [
              -0.9762293351929424,
              -0.18809875360694375,
              0.10768075035046851
            ],
            [
              0.21673303364242796,
              -0.8512176660017958,
              0.4779699542940837
            ]
          ]
        },
        {
          "t": 0.005333333333333333,
          "position": [
            -0.05144523033525684,
            -0.3190581161757446,
            0.0024972628950033684
          ],
          "quaternion_wxyz": [
            -0.5683017147062724,
            0.4219768756945797,
            -0.28790778783051524,
            0.6450409158708392
          ],
          "rotation_matrix": [
            [
              0.0020626451180919057,
              0.4901748594945673,
              0.8716216797498084
            ],
            [
              -0.9761365746819256,
              -0.18828453353616076,
              0.10819575774996204
            ],
            [
              0.2171477217455068,
              -0.8510449703410046,
              0.4780892441702688
            ]
          ]
        },
        {
          "t": 0.006,
          "position": [
            -0.051392956455165874,
            -0.31908101071285316,
            0.0026304958823686157
          ],
          "quaternion_wxyz": [
            -0.5683672709860524,
            0.42211125567288443,
            -0.2875826364982169,
            0.6450402780376298
          ],
          "rotation_matrix": [
            [
              0.0024385337877389493,
              0.4904558294027811,
              0.871462640021404
            ],
            [
              -0.97602330061063,
              -0.18850974491246375,
              0.10882367726717342
            ],
            [
              0.21765240686472445,
              -0.8508332124864649,
              0.4782366300370983
            ]
          ]
        },
        {
          "t": 0.006666666666666667,
          "position": [
            -0.05134832207831869,
            -0.31910061236219783,
            0.0027437457841971154
          ],
          "quaternion_wxyz": [
            -0.568422811831849,
            0.4222276506489803,
            -0.28730350590308823,
            0.6450395441462573
          ],
          "rotation_matrix": [
            [
              0.0027613639667600992,
              0.4906954142094245,
              0.8713267959486628
            ],
            [
              -0.9759253514920564,
              -0.18870440496919696,
              0.10936341187119353
            ],
            [
              0.21808732925151753,
              -0.8506519017854675,
              0.4783610130455816
            ]
          ]
        },
        {
          "t": 0.007333333333333333,
          "position": [
            -0.05132147366244299,
            -0.31911208540903696,
            0.0028115474643355836
          ],
          "quaternion_wxyz": [
            -0.5684588953118994,
            0.42229555033389843,
            -0.28713386632112015,
            0.6450388324127858
          ],
          "rotation_matrix": [
            [
              0.0029580949820642794,
              0.4908454160162215,
              0.8712416583504354
            ],
            [
              -0.9758668324064586,
              -0.1888172543037794,
              0.10969033631978276
            ],
            [
              0.21834645652946183,
              -0.8505403118284365,
              0.4784412219584579
            ]
          ]
        },
        {
          "t": 0.008,
          "position": [
            -0.05126006717355092,
            -0.3191374514478334,
            0.002965738024085966
          ],
          "quaternion_wxyz": [
            -0.5685514627446736,
            0.4224396396139134,
            -0.2867462974914894,
            0.6450353059861771
          ],
          "rotation_matrix": [
            [
              0.003412029812475039,
              0.4912055283330165,
              0.8710370181472867
            ],
            [
              -0.9757375386246607,
              -0.18905159017088685,
              0.11043437856178653
            ],
            [
              0.21891691064684318,
              -0.8502803215299709,
              0.4786426235146857
            ]
          ]
        },
        {
          "t": 0.008666666666666666,
          "position": [
            -0.051201071614803036,
            -0.31916166833735354,
            0.0031137342998106333
          ],
          "quaternion_wxyz": [
            -0.5686435528104671,
            0.4225736325832996,
            -0.2863730178674714,
            0.6450321926306632
          ],
          "rotation_matrix": [
            [
              0.003847930215103968,
              0.49155942251912754,
              0.8708355341630222
            ],
            [
              -0.9756141682554561,
              -0.18927000896839005,
              0.11114791226154579
            ],
            [
              0.2194588529273425,
              -0.8500271747596881,
              0.47884403936477016
            ]
          ]
        },
        {
          "t": 0.009333333333333334,
          "position": [
            -0.051161996223059884,
            -0.3191777344719327,
            0.0032117620315467543
          ],
          "quaternion_wxyz": [
            -0.5687058860457154,
            0.42265960948146536,
            -0.2861269719799656,
            0.6450300966586822
          ],
          "rotation_matrix": [
            [
              0.004135060620125695,
              0.49179619681259923,
              0.8707005237563626
            ],
            [
              -0.9755334537691962,
              -0.18940994216432447,
              0.11161699862578957
            ],
            [
              0.2198121512717638,
              -0.849859032194246,
              0.4789804208362092
            ]
          ]
        },
        {
          "t": 0.01,
          "position": [
            -0.05111282992309435,
            -0.31919751145980685,
            0.0033343173069263535
          ],
          "quaternion_wxyz": [
            -0.5687900164933836,
            0.4227584968289193,
            -0.2858154298733259,
            0.6450292323164393
          ],
          "rotation_matrix": [
            [
              0.004493659007172393,
              0.49211057236651906,
              0.8705211034714182
            ],
            [
              -0.9754341783814863,
              -0.1895749143668212,
              0.11220301013709832
            ],
            [
              0.220245251185744,
              -0.8496402393955216,
              0.47916958680966387
            ]
          ]
        },
        {
          "t": 0.010666666666666666,
          "position": [
            -0.05108124806105832,
            -0.31921081296536497,
            0.0034120281702275834
          ],
          "quaternion_wxyz": [
            -0.5688436366134634,
            0.4228172757531715,
            -0.2856146768886634,
            0.645032343960224
          ],
          "rotation_matrix": [
            [
              0.004715063181917595,
              0.4923194493469784,
              0.8704018198333165
            ],
            [
              -0.97537072773566,
              -0.1896823468595645,
              0.11257242451877902
            ],
            [
              0.2205214539483851,
              -0.8494952425274119,
              0.479299615340008
            ]
          ]
        },
        {
          "t": 0.011333333333333334,
          "position": [
            -0.05105015418464875,
            -0.31922365736119546,
            0.003487395323365141
          ],
          "quaternion_wxyz": [
            -0.5689006636528164,
            0.422867125841611,
            -0.28541748654434135,
            0.6450366556658241
          ],
          "rotation_matrix": [
            [
              0.00492914244430955,
              0.49253621857554775,
              0.8702779883125477
            ],
            [
              -0.9753109073752512,
              -0.18977778653944674,
              0.11292929507807631
            ],
            [
              0.22078119826094272,
              -0.8493482590313938,
              0.4794405045134378
            ]
          ]
        },
        {
          "t": 0.012,
          "position": [
            -0.05101318573418543,
            -0.31923720004860234,
            0.003578719878092587
          ],
          "quaternion_wxyz": [
            -0.5689770969448543,
            0.422924102678165,
            -0.2851771273089337,
            0.6450381946721444
          ],
          "rotation_matrix": [
            [
              0.005199466947839488,
              0.492807357501348,
              0.8701229073707156
            ],
            [
              -0.9752404801871534,
              -0.1898781384233153,
              0.11336797761716089
            ],
            [
              0.22108589132664763,
              -0.8491685350586219,
              0.4796184188664921
            ]
          ]
        },
        {
          "t": 0.012666666666666666,
          "position": [
            -0.05098339593084011,
            -0.3192472206868785,
            0.0036529709620921826
          ],
          "quaternion_wxyz": [
            -0.5690424834491727,
            0.42296825257875165,
            -0.284983772608777,
            0.6450370211779665
          ],
          "rotation_matrix": [
            [
              0.0054229813190382545,
              0.49302876026633385,
              0.8699961108068959
            ],
            [
              -0.9751851135208086,
              -0.18994980275858842,
              0.11372364219967707
            ],
            [
              0.22132461597601738,
              -0.8490239772670659,
              0.4797642133193981
            ]
          ]
        },
        {
          "t": 0.013333333333333334,
          "position": [
            -0.050924398913471614,
            -0.31926488730973385,
            0.0038013105805138844
          ],
          "quaternion_wxyz": [
            -0.5691772200492385,
            0.4230585041890797,
            -0.28459591762011294,
            0.6450301992033278
          ],
          "rotation_matrix": [
            [
              0.005882411579350059,
              0.49347154484541395,
              0.8697420489186198
            ],
            [
              -0.9750744376720865,
              -0.19008491170122652,
              0.11444460379493325
            ],
            [
              0.22179999600627814,
              -0.8487364495316488,
              0.4800533314136333
            ]
          ]
        },
        {
          "t": 0.014,
          "position": [
            -0.05088663934834617,
            -0.31927625121228626,
            0.0038972423836903694
          ],
          "quaternion_wxyz": [
            -0.5692620495542366,
            0.4231192891225657,
            -0.28435031410292966,
            0.6450237863670532
          ],
          "rotation_matrix": [
            [
              0.006178427780538229,
              0.49374691974513274,
              0.869583697103172
            ],
            [
              -0.9750033308051114,
              -0.19017123561300345,
              0.11490607494880564
            ],
            [
              0.22210432671384298,
              -0.8485569399750316,
              0.48022993208306436
            ]
          ]
        },
        {
          "t": 0.014666666666666666,
          "position": [
            -0.050860462890833624,
            -0.3192841195418881,
            0.003964024389749791
          ],
          "quaternion_wxyz": [
            -0.5693190521075056,
            0.42316242130986637,
            -0.2841815718281241,
            0.6450195472478947
          ],
          "rotation_matrix": [
            [
              0.006381235802822288,
              0.4939339104051681,
              0.8694760330088195
            ],
            [
              -0.9749537585108397,
              -0.19023330228066868,
              0.11522351958154024
            ],
            [
              0.22231610061155388,
              -0.8484341947655236,
              0.4803487988480399
            ]
          ]
        },
        {
          "t": 0.015333333333333332,
          "position": [
            -0.05085152146526587,
            -0.3192871986353303,
            0.003987668061410722
          ],
          "quaternion_wxyz": [
            -0.5693355349948204,
            0.42318124852771805,
            -0.28412561624421323,
            0.6450172971948345
          ],
          "rotation_matrix": [
            [
              0.006450641026620255,
              0.49398926991486664,
              0.869444069756409
            ],
            [
              -0.9749358019985414,
              -0.19025936557126777,
              0.11533237095307376
            ],
            [
              0.22239283083704903,
              -0.8483961191646069,
              0.48038053017583987
            ]
          ]
        },
        {
          "t": 0.016,
          "position": [
            -0.05079930842947291,
            -0.31930362544254526,
            0.004125851965988233
          ],
          "quaternion_wxyz": [
            -0.5694494763773914,
            0.4232859790131461,
            -0.28378957860705795,
            0.6449959293657795
          ],
          "rotation_matrix": [
            [
              0.00688745235119152,
              0.49433688925501473,
              0.8692431207188518
            ],
            [
              -0.9748334877126235,
              -0.19038153785433903,
              0.11599371221767273
            ],
            [
              0.22282781296342108,
              -0.8481662042064998,
              0.4805849100889258
            ]
          ]
        },
        {
          "t": 0.016666666666666666,
          "position": [
            -0.05075098135752889,
            -0.319318380908296,
            0.004253919497195931
          ],
          "quaternion_wxyz": [
            -0.5695556527516633,
            0.4233872399146153,
            -0.2834714318566674,
            0.6449756203278086
          ],
          "rotation_matrix": [
            [
              0.007300793007763634,
              0.4946626466306134,
              0.8690544082191378
            ],
            [
              -0.9747353951443105,
              -0.1905006114787671,
              0.1166208663784366
            ],
            [
              0.22324338259001306,
              -0.8479495168032011,
              0.4807743847963333
            ]
          ]
        },
        {
          "t": 0.017333333333333333,
          "position": [
            -0.05072606753909259,
            -0.31932523072408775,
            0.00431906878678545
          ],
          "quaternion_wxyz": [
            -0.5696144964278398,
            0.4234369119193635,
            -0.28330287038973473,
            0.6449651081356174
          ],
          "rotation_matrix": [
            [
              0.007518985833081393,
              0.4948411654150134,
              0.8689509110749658
            ],
            [
              -0.974684735717842,
              -0.19055761817564343,
              0.11695067383150426
            ],
            [
              0.22345722366169066,
              -0.8478325395725894,
              0.48088133050536414
            ]
          ]
        },
        {
          "t": 0.018,
          "position": [
            -0.05069694791847131,
            -0.31933214121213876,
            0.004394014958030336
          ],
          "quaternion_wxyz": [
            -0.5696843597163964,
            0.42349728128056413,
            -0.28309853952997627,
            0.6449534866627862
          ],
          "rotation_matrix": [
            [
              0.007780433915003683,
              0.49505690453986745,
              0.8688257167641612
            ],
            [
              -0.9746227518415864,
              -0.19062989442027997,
              0.11734877477768425
            ],
            [
              0.22371847585020047,
              -0.8476903353305892,
              0.48101053932703386
            ]
          ]
        },
        {
          "t": 0.018666666666666668,
          "position": [
            -0.05067090696633856,
            -0.3193388402650934,
            0.0044618261627251245
          ],
          "quaternion_wxyz": [
            -0.5697415199774482,
            0.42355779461419557,
            -0.28291841293536424,
            0.6449422971533816
          ],
          "rotation_matrix": [
            [
              0.008013209929291295,
              0.4952362112765868,
              0.8687214073005801
            ],
            [
              -0.9745654074311381,
              -0.1907035440710959,
              0.11770482111230864
            ],
            [
              0.22395994084013754,
              -0.8475690256913033,
              0.48111193248649076
            ]
          ]
        },
        {
          "t": 0.019333333333333334,
          "position": [
            -0.050625986822536884,
            -0.31935338471682195,
            0.004583233100013591
          ],
          "quaternion_wxyz": [
            -0.5698230142187022,
            0.4236782614802425,
            -0.28262392859446367,
            0.6449202882540008
          ],
          "rotation_matrix": [
            [
              0.00840307356839906,
              0.49549761572619955,
              0.8685686508040187
            ],
            [
              -0.9744640746046217,
              -0.19085089490433943,
              0.11830343703776135
            ],
            [
              0.22438617527706756,
              -0.847383059021145,
              0.4812408914689246
            ]
          ]
        },
        {
          "t": 0.02,
          "position": [
            -0.05057931542365881,
            -0.3193696590151059,
            0.004711051821275426
          ],
          "quaternion_wxyz": [
            -0.5699012338494528,
            0.42380996640025415,
            -0.2823231504300761,
            0.6448963752169206
          ],
          "rotation_matrix": [
            [
              0.008804607926608591,
              0.49575175008481365,
              0.868419645771766
            ],
            [
              -0.9743572096759012,
              -0.19101244477546622,
              0.11892129283382172
            ],
            [
              0.22483439867546773,
              -0.8471979982394386,
              0.48135750222120705
            ]
          ]
        },
        {
          "t": 0.020666666666666667,
          "position": [
            -0.05054111925504867,
            -0.31938468899507183,
            0.004817810023877593
          ],
          "quaternion_wxyz": [
            -0.5699586160150795,
            0.423922805138031,
            -0.2820874747515977,
            0.6448746296004711
          ],
          "rotation_matrix": [
            [
              0.009126737371824878,
              0.49593707559669764,
              0.868310497292758
            ],
            [
              -0.9742703299606514,
              -0.19114766523613397,
              0.11941479903644292
            ],
            [
              0.22519775047548174,
              -0.8470590222148264,
              0.48143222374344247
            ]
          ]
        },
        {
          "t": 0.021333333333333333,
          "position": [
            -0.0505017545931401,
            -0.319400919725428,
            0.004929157251790796
          ],
          "quaternion_wxyz": [
            -0.5700161443948392,
            0.42404089551255003,
            -0.28184458748609986,
            0.6448523416774934
          ],
          "rotation_matrix": [
            [
              0.009458171875667679,
              0.49612522846609014,
              0.8681994590297182
            ],
            [
              -0.9741797535579256,
              -0.19129044726731334,
              0.11992402819229493
            ],
            [
              0.22557559872135574,
              -0.846916597107359,
              0.48150589487451245
            ]
          ]
        },
        {
          "t": 0.022,
          "position": [
            -0.0504619620700509,
            -0.31941910325054346,
            0.005044007428170213
          ],
          "quaternion_wxyz": [
            -0.5700704923953946,
            0.42416209155066353,
            -0.28160837237625735,
            0.6448277897229879
          ],
          "rotation_matrix": [
            [
              0.009787692417102348,
              0.49629939874270795,
              0.8680962549625644
            ],
            [
              -0.9740897836438254,
              -0.19143271661458378,
              0.12042677611752822
            ],
            [
              0.2259497609509284,
              -0.8467823934219197,
              0.4815664893970262
            ]
          ]
        },
        {
          "t": 0.02266666666666667,
          "position": [
            -0.050423766067520255,
            -0.31943529836333445,
            0.0051529615046984716
          ],
          "quaternion_wxyz": [
            -0.5701279980061607,
            0.42427572098773114,
            -0.2813686222312292,
            0.644806852393434
          ],
          "rotation_matrix": [
            [
              0.01011164306032316,
              0.49648912958854113,
              0.8679840429813717
            ],
            [
              -0.9740006298304114,
              -0.1915715286256222,
              0.12092610349209194
            ],
            [
              0.22631952580475995,
              -0.8466397661417889,
              0.4816436220071839
            ]
          ]
        },
        {
          "t": 0.023333333333333334,
          "position": [
            -0.05038322537296564,
            -0.31945241499951227,
            0.005268726736561354
          ],
          "quaternion_wxyz": [
            -0.5701909537011741,
            0.4243929030958614,
            -0.28111347386028934,
            0.6447853557063874
          ],
          "rotation_matrix": [
            [
              0.010454119761554215,
              0.4966964272617442,
              0.8678613774795393
            ],
            [
              -0.9739066803454209,
              -0.19171498226233893,
              0.1214542858465205
            ],
            [
              0.2267079384461019,
              -0.8464856907908945,
              0.4817317572312368
            ]
          ]
        },
        {
          "t": 0.024,
          "position": [
            -0.05035274673789259,
            -0.31946587264574566,
            0.005356673942061709
          ],
          "quaternion_wxyz": [
            -0.570235758253736,
            0.4244813847194798,
            -0.2809271800981727,
            0.6447686821779641
          ],
          "rotation_matrix": [
            [
              0.010706531929138658,
              0.4968435999312583,
              0.8677740531824233
            ],
            [
              -0.9738370335848568,
              -0.19182219898099828,
              0.12184283316024729
            ],
            [
              0.22699515895411787,
              -0.8463750239566443,
              0.4817909470165458
            ]
          ]
        },
        {
          "t": 0.024666666666666667,
          "position": [
            -0.05030460412342217,
            -0.31948774563160093,
            0.0054966720470567
          ],
          "quaternion_wxyz": [
            -0.570303812641306,
            0.4246182939597386,
            -0.28064338049200915,
            0.6447419318669515
          ],
          "rotation_matrix": [
            [
              0.011094268556955025,
              0.4970649369537181,
              0.8676424180799568
            ],
            [
              -0.9737301906961159,
              -0.19198570854486133,
              0.12243775331656194
            ],
            [
              0.2274344585325614,
              -0.8462079745298383,
              0.48187719484057845
            ]
          ]
        },
        {
          "t": 0.025333333333333333,
          "position": [
            -0.050270464050428586,
            -0.31950489231060325,
            0.005597965235830004
          ],
          "quaternion_wxyz": [
            -0.5703456552993686,
            0.42471933823524793,
            -0.2804546211030055,
            0.6447204996834803
          ],
          "rotation_matrix": [
            [
              0.011361365579683015,
              0.4971980695921024,
              0.8675626772523716
            ],
            [
              -0.9736560739116006,
              -0.1921020779654531,
              0.12284397165582144
            ],
            [
              0.2277383786346069,
              -0.8461033454770222,
              0.48191737846106725
            ]
          ]
        },
        {
          "t": 0.026,
          "position": [
            -0.0502379550791883,
            -0.3195241972576966,
            0.005698213324291473
          ],
          "quaternion_wxyz": [
            -0.5703740704699484,
            0.42482490969113035,
            -0.2802937663038167,
            0.6446957580228728
          ],
          "rotation_matrix": [
            [
              0.01160556831704582,
              0.4972839395204697,
              0.8675102271871443
            ],
            [
              -0.9735870353484495,
              -0.19221764861277313,
              0.1232098216822353
            ],
            [
              0.2280210415320563,
              -0.8460266302244546,
              0.4819184013533904
            ]
          ]
        },
        {
          "t": 0.02666666666666667,
          "position": [
            -0.05018757168873078,
            -0.31955804807162963,
            0.00585810991896302
          ],
          "quaternion_wxyz": [
            -0.5704049456504816,
            0.42499848933345175,
            -0.28006959320539526,
            0.6446514600957012
          ],
          "rotation_matrix": [
            [
              0.011971035916465334,
              0.49736645407578045,
              0.8674579555542856
            ],
            [
              -0.973483070157847,
              -0.19239844187771646,
              0.12374793604280236
            ],
            [
              0.22844563119273487,
              -0.8459370247927909,
              0.4818746140511987
            ]
          ]
        },
        {
          "t": 0.027333333333333334,
          "position": [
            -0.050126554560633814,
            -0.31960296927403364,
            0.006056991125418756
          ],
          "quaternion_wxyz": [
            -0.5704267686670059,
            0.42522731697869337,
            -0.2798106724513983,
            0.6445936844753571
          ],
          "rotation_matrix": [
            [
              0.012409939033534658,
              0.4974207020579013,
              0.8674206814300993
            ],
            [
              -0.9733532680919081,
              -0.19263857834007322,
              0.12439370412401206
            ],
            [
              0.2289746905312785,
              -0.8458504733648299,
              0.4817754329538983
            ]
          ]
        },
        {
          "t": 0.028,
          "position": [
            -0.05006653538488326,
            -0.31964676413337184,
            0.0062514222556874265
          ],
          "quaternion_wxyz": [
            -0.5704521215898458,
            0.4254443475917685,
            -0.27956223448176293,
            0.6445358338583062
          ],
          "rotation_matrix": [
            [
              0.012837031848257031,
              0.4974773228075711,
              0.8673819942221461
            ],
            [
              -0.9732300126490916,
              -0.19285866804965873,
              0.12501550557004107
            ],
            [
              0.22947451511721814,
              -0.8457670172349413,
              0.48168412830665885
            ]
          ]
        },
        {
          "t": 0.028666666666666667,
          "position": [
            -0.050038117567884594,
            -0.31966731047173585,
            0.006343234404462772
          ],
          "quaternion_wxyz": [
            -0.5704649790294917,
            0.42554602342845793,
            -0.27944320883653484,
            0.644508946935765
          ],
          "rotation_matrix": [
            [
              0.013039420709757566,
              0.49750767320516076,
              0.8673615674012708
            ],
            [
              -0.9731714583830207,
              -0.19296240147128813,
              0.1253109101509908
            ],
            [
              0.22971131032695008,
              -0.8457255031702585,
              0.4816441499578364
            ]
          ]
        },
        {
          "t": 0.029333333333333333,
          "position": [
            -0.0500094567235859,
            -0.3196854616694381,
            0.0064314019102787974
          ],
          "quaternion_wxyz": [
            -0.5704906536493796,
            0.42563118565010283,
            -0.27931840118431694,
            0.644484087205129
          ],
          "rotation_matrix": [
            [
              0.01324298419839031,
              0.49757105181066114,
              0.8673221268737477
            ],
            [
              -0.9731175408905066,
              -0.19304328971632412,
              0.12560469697619894
            ],
            [
              0.22992797780313495,
              -0.8456697562806046,
              0.48163864912295135
            ]
          ]
        },
        {
          "t": 0.03,
          "position": [
            -0.04999839095299693,
            -0.3196916489836363,
            0.006464028068749009
          ],
          "quaternion_wxyz": [
            -0.5705045953722293,
            0.42565848326738126,
            -0.279268278583285,
            0.6444754385225322
          ],
          "rotation_matrix": [
            [
              0.013321275436609914,
              0.4976065747884168,
              0.8673005478744548
            ],
            [
              -0.9730982223341892,
              -0.193067470471838,
              0.12571714891540248
            ],
            [
              0.23000520278178,
              -0.8456433341339075,
              0.48164816839838476
            ]
          ]
        },
        {
          "t": 0.030666666666666665,
          "position": [
            -0.049955418354776876,
            -0.3197272459370137,
            0.00660715962079821
          ],
          "quaternion_wxyz": [
            -0.5705103293170635,
            0.4258254181634044,
            -0.2791152115001719,
            0.6444263930796997
          ],
          "rotation_matrix": [
            [
              0.013618645222977186,
              0.49759512416540796,
              0.8673024990765048
            ],
            [
              -0.9730125307766778,
              -0.19322532570274248,
              0.12613718109425767
            ],
            [
